learning evaluation instances,evaluation time (cpu seconds),model cost (RAM-Hours),classified instances,classifications correct (percent),Kappa Statistic (percent),Kappa Temporal Statistic (percent),Kappa M Statistic (percent),model training instances,model serialized size (bytes),ensemble size,change detections,[avg] model training instances,[err] model training instances,[avg] model serialized size (bytes),[err] model serialized size (bytes),[avg] tree size (nodes),[err] tree size (nodes),[avg] tree size (leaves),[err] tree size (leaves),[avg] active learning leaves,[err] active learning leaves,[avg] tree depth,[err] tree depth,[avg] active leaf byte size estimate,[err] active leaf byte size estimate,[avg] inactive leaf byte size estimate,[err] inactive leaf byte size estimate,[avg] byte size estimate overhead,[err] byte size estimate overhead
1000.0,0.197342951,-5.1052762557648944E-14,1000.0,84.3,17.021220369440567,-234.04255319148913,-248.88888888888863,1000.0,-1.0,42.0,18.0,2118.642857142857,3034.052741807513,-5.166666666666667,3.7606218133128233,1.3333333333333335,1.0744633752322352,1.1666666666666667,0.5372316876161176,1.1666666666666667,0.5372316876161176,0.16666666666666669,0.5372316876161176,0.0,0.0,0.0,0.0,1.0,0.0
2000.0,0.300370087,-7.770595632286534E-14,2000.0,89.9,18.70180465895003,-176.71232876712338,-184.50704225352126,2000.0,-1.0,42.0,44.0,6164.166666666669,10586.903121463427,-10.16666666666667,11.48682525642071,2.7619047619047623,3.2819500732630607,1.8809523809523812,1.6409750366315303,1.8809523809523812,1.6409750366315303,0.7142857142857142,1.2353673154900873,0.0,0.0,0.0,0.0,1.0,0.0
3000.0,0.432870764,-1.1198397622340254E-13,3000.0,92.60000000000001,21.32430334796985,-149.43820224719127,-155.17241379310306,3000.0,-1.0,42.0,69.0,12418.357142857143,18920.647880957767,-15.666666666666666,17.05324039970355,4.333333333333334,4.8723543999153005,2.666666666666667,2.4361771999576503,2.666666666666667,2.4361771999576503,1.3095238095238093,1.8144151142272689,0.0,0.0,0.0,0.0,1.0,0.0
4000.0,0.542189423,-1.4026479148823354E-13,4000.0,93.475,20.5778040827877,-119.32773109243668,-123.0769230769232,4000.0,-1.0,42.0,99.0,20737.90476190477,29623.537462558153,-22.261904761904763,22.306139944199682,6.214285714285714,6.376541283928506,3.5952380952380953,3.201063267023782,3.5952380952380953,3.201063267023782,1.9523809523809523,2.2841167471804695,0.0,0.0,0.0,0.0,1.0,0.0
5000.0,0.645245346,-1.6692543247093756E-13,5000.0,94.1,19.06641601947216,-103.44827586206897,-107.74647887323977,5000.0,-1.0,42.0,121.0,28865.59523809524,48945.683993715524,-29.66666666666667,35.31162087904903,8.333333333333334,10.089034536871152,4.666666666666667,5.044517268435575,4.666666666666667,5.044517268435575,2.285714285714287,2.716577063285073,0.0,0.0,0.0,0.0,1.0,0.0
6000.0,0.749104185,-1.9379378839706378E-13,6000.0,93.95,18.029146697718694,-96.21621621621593,-99.4505494505495,6000.0,-1.0,42.0,147.0,41097.238095238106,67342.49435636499,-38.09523809523809,43.41001880751445,10.738095238095239,12.405859205426074,5.857142857142857,6.213955295793371,5.857142857142857,6.213955295793371,2.785714285714285,2.789664848177429,0.0,0.0,0.0,0.0,1.0,0.0
7000.0,0.820191723,-2.1218418531740702E-13,7000.0,94.58571428571429,17.859097855729306,-94.3589743589748,-97.3958333333331,7000.0,-1.0,42.0,177.0,50238.09523809525,90711.72289498239,-39.92857142857143,45.12389062599192,11.261904761904766,12.895564606766694,6.119047619047619,6.45888452557795,6.119047619047619,6.45888452557795,2.8333333333333335,2.748983551988933,0.0,0.0,0.0,0.0,1.0,0.0
8000.0,0.920749975,-2.3819867702614925E-13,8000.0,94.55,17.004687759880845,-92.0704845814975,-95.51569506726467,8000.0,-1.0,42.0,205.0,66158.66666666666,147496.77743096737,-49.0952380952381,60.691868513009744,13.88095238095238,17.34330879752931,7.428571428571428,8.681752259748695,7.428571428571428,8.681752259748695,3.166666666666666,3.1616348554742366,0.0,0.0,0.0,0.0,1.0,0.0
9000.0,1.014386936,-2.6242262580328513E-13,9000.0,94.71111111111111,16.614453377961347,-86.66666666666669,-91.16465863453844,9000.0,-1.0,42.0,234.0,85372.07142857143,211390.04398578437,-59.42857142857144,84.09783584035536,16.83333333333333,24.03038388360652,8.904761904761905,12.02397913887794,8.904761904761905,12.02397913887794,3.3333333333333335,3.295722776248964,0.0,0.0,0.0,0.0,1.0,0.0
10000.0,1.133505526,-2.9323869022644225E-13,10000.0,94.85,17.097277893144017,-83.27402135231304,-87.27272727272745,10000.0,-1.0,42.0,263.0,108555.83333333333,264050.5106677478,-71.0,105.12106841347384,20.14285714285715,30.03459097527823,10.571428571428571,15.017295487639117,10.571428571428571,15.017295487639117,3.619047619047619,3.7608534381231835,0.0,0.0,0.0,0.0,1.0,0.0
11000.0,1.229702839,-3.1812500389706756E-13,11000.0,94.88181818181818,17.003116973204154,-79.87220447284392,-83.38762214983743,11000.0,-1.0,42.0,291.0,130037.35714285713,309801.57980968506,-79.26190476190476,120.71515747851998,22.5,34.49231091410261,11.738095238095237,17.2542812273834,11.738095238095237,17.2542812273834,3.8095238095238098,3.9089521722304474,0.0,0.0,0.0,0.0,1.0,0.0
12000.0,1.315292603,-3.402671370551818E-13,12000.0,95.075,17.91286633640433,-75.3709198813056,-78.54984894259852,12000.0,-1.0,42.0,315.0,148878.92857142855,379460.0800460514,-84.42857142857143,135.19924643626456,23.976190476190474,38.63051245389632,12.476190476190476,19.32297772240073,12.476190476190476,19.32297772240073,3.785714285714286,3.9232621710405446,0.0,0.0,0.0,0.0,1.0,0.0
13000.0,1.393963753,-3.6061941982350413E-13,13000.0,95.01538461538462,16.927607399714713,-77.53424657534235,-80.50139275766038,13000.0,-1.0,42.0,338.0,168766.49999999997,466532.1015185657,-92.09523809523809,158.29037989408926,26.16666666666667,45.22783336142807,13.571428571428573,22.62110266353711,13.571428571428573,22.62110266353711,3.904761904761904,4.065377454107677,0.0,0.0,0.0,0.0,1.0,0.0
14000.0,1.500205164,-3.881041488299767E-13,14000.0,94.90714285714286,17.0461033192363,-77.80548628428899,-80.50632911392385,14000.0,-1.0,42.0,363.0,196224.52380952382,591654.7095604293,-104.26190476190476,190.31950793001334,29.642857142857146,54.37889719303172,15.30952380952381,27.196204985647732,15.30952380952381,27.196204985647732,4.119047619047619,4.037642278410611,0.0,0.0,0.0,0.0,1.0,0.0
15000.0,1.592773269,-4.120515837954978E-13,15000.0,94.74000000000001,16.916723810550774,-78.10383747178344,-82.63888888888852,15000.0,-1.0,42.0,389.0,227066.7857142857,749165.1833173403,-115.09523809523809,222.9791425796406,32.738095238095234,63.71011311680872,16.857142857142854,31.861415941291312,16.857142857142854,31.861415941291312,4.428571428571429,4.283506980938531,0.0,0.0,0.0,0.0,1.0,0.0
16000.0,1.698139901,-4.393100068490538E-13,16000.0,94.625,16.433026323900414,-80.67226890756257,-84.94623655913972,16000.0,-1.0,42.0,419.0,257498.30952380953,864084.2202979841,-124.42857142857142,252.4170129608061,35.4047619047619,72.12085369535504,18.19047619047619,36.06649556315024,18.19047619047619,36.06649556315024,4.547619047619048,4.283845895479167,0.0,0.0,0.0,0.0,1.0,0.0
17000.0,1.800887204,-4.658908076170418E-13,17000.0,94.8,16.231664598006383,-80.04073319755616,-84.5511482254702,17000.0,-1.0,42.0,442.0,288955.00000000006,877282.952695451,-132.16666666666669,258.2374513907946,37.61904761904762,73.78212896879846,19.30952380952381,36.89106448439923,19.30952380952381,36.89106448439923,4.857142857142857,4.38718437720389,0.0,0.0,0.0,0.0,1.0,0.0
18000.0,1.895730649,-4.9042687466782E-13,18000.0,94.82222222222222,16.2211169229299,-79.57610789980717,-83.8264299802762,18000.0,-1.0,42.0,464.0,315754.19047619053,892783.6938613922,-142.92857142857142,264.41904961237077,40.69047619047619,75.55017331265753,20.83333333333333,37.78173301469238,20.83333333333333,37.78173301469238,5.166666666666667,4.504288832455003,0.0,0.0,0.0,0.0,1.0,0.0
19000.0,1.962767023,-5.077692325640884E-13,19000.0,94.65263157894736,15.52887287799878,-90.61913696060073,-95.00959692898314,19000.0,-1.0,42.0,493.0,348824.38095238095,921461.6960388944,-147.92857142857144,266.44913419822285,42.11904761904762,76.13024858944281,21.547619047619047,38.07194881898911,21.547619047619047,38.07194881898911,5.285714285714286,4.500870995846732,0.0,0.0,0.0,0.0,1.0,0.0
20000.0,2.027790146,-5.245907609868381E-13,20000.0,94.77,15.4161060591461,-88.46846846846816,-92.63351749539595,20000.0,-1.0,42.0,513.0,379312.73809523805,948580.574441882,-152.42857142857144,267.0569632171898,43.4047619047619,76.30396835373173,22.190476190476186,38.158998616020675,22.190476190476186,38.158998616020675,5.42857142857143,4.5324997525613435,0.0,0.0,0.0,0.0,1.0,0.0
21000.0,2.140881732,-5.53847635164857E-13,21000.0,94.69999999999999,15.437795821187825,-91.56626506024148,-95.60632688927986,21000.0,-1.0,42.0,541.0,418255.38095238095,989719.8230403502,-162.42857142857142,268.84061311737116,46.26190476190475,76.81369908431112,23.61904761904762,38.4142709641221,23.61904761904762,38.4142709641221,5.761904761904762,4.57356947545416,0.0,0.0,0.0,0.0,1.0,0.0
22000.0,2.269840537,-5.872093702459502E-13,22000.0,94.3,15.964889114501368,-86.88524590163968,-89.14027149321288,22000.0,-1.0,42.0,568.0,453793.4761904762,1009642.774837503,-179.09523809523807,272.556622850552,51.023809523809526,77.87560064216179,26.0,38.94586611958807,26.0,38.94586611958807,6.095238095238094,4.621316061150757,0.0,0.0,0.0,0.0,1.0,0.0
23000.0,2.372674892,-6.138126914285952E-13,23000.0,94.12608695652173,16.690331799460985,-80.85676037483293,-81.58602150537641,23000.0,-1.0,42.0,591.0,487060.69047619053,1069105.4314805642,-193.16666666666669,289.8878602920713,55.047619047619044,82.82510294059179,28.023809523809522,41.412551470295895,28.023809523809522,41.412551470295895,6.261904761904763,4.659422783310751,0.0,0.0,0.0,0.0,1.0,0.0
24000.0,2.450055717,-6.338311661966146E-13,24000.0,94.19583333333334,16.44748877619263,-78.36107554417397,-79.27927927927901,24000.0,-1.0,42.0,614.0,517691.1666666667,1156332.2322753412,-200.4285714285714,306.293828549753,57.11904761904762,87.51479383815209,29.04761904761905,43.76542369572092,29.04761904761905,43.76542369572092,6.333333333333334,4.662599853984253,0.0,0.0,0.0,0.0,1.0,0.0
25000.0,2.526742026,-6.536699691787363E-13,25000.0,94.152,15.830872604948004,-79.82779827798274,-81.16480793060725,25000.0,-1.0,42.0,640.0,554826.0,1293583.0272034262,-207.92857142857144,324.2419597030214,59.26190476190476,92.64278617587952,30.11904761904762,46.3292576688211,30.11904761904762,46.3292576688211,6.380952380952383,4.664094197226718,0.0,0.0,0.0,0.0,1.0,0.0
26000.0,2.61485179,-6.764640281390814E-13,26000.0,93.63461538461539,14.946085740987138,-90.44879171461476,-91.77288528389316,26000.0,-1.0,42.0,662.0,592340.5,1457542.5259698592,-218.83333333333331,357.60537704438525,62.38095238095239,102.17296486982434,31.690476190476193,51.08648243491217,31.690476190476193,51.08648243491217,6.476190476190476,4.655120942276812,0.0,0.0,0.0,0.0,1.0,0.0
27000.0,2.768571772,-7.162314974185495E-13,27000.0,93.5,14.601504505764076,-91.80327868852461,-93.06930693069316,27000.0,-1.0,42.0,683.0,633716.9047619049,1544749.2133506192,-231.92857142857136,385.0828477763817,66.11904761904762,110.02576247782582,33.54761904761904,55.02026339846713,33.54761904761904,55.02026339846713,6.738095238095237,4.648941782602311,0.0,0.0,0.0,0.0,1.0,0.0
28000.0,2.886222186,-7.466677436605097E-13,28000.0,93.57142857142857,14.627309585361115,-90.47619047619075,-91.28586609989384,28000.0,-1.0,42.0,709.0,684615.2380952381,1567551.2585903332,-246.42857142857144,391.65154640050815,70.26190476190474,111.90262742917025,35.61904761904763,55.95902350171927,35.61904761904763,55.95902350171927,6.976190476190477,4.651189699568326,0.0,0.0,0.0,0.0,1.0,0.0
29000.0,2.992350255,-7.741231510105233E-13,29000.0,93.51034482758621,14.387786714561967,-89.1457286432159,-89.90918264379411,29000.0,-1.0,42.0,738.0,736879.2619047618,1690580.447155933,-261.42857142857144,418.41029827233984,74.54761904761905,119.54797024339122,37.76190476190476,59.78163904590689,37.76190476190476,59.78163904590689,7.166666666666668,4.695180022869673,0.0,0.0,0.0,0.0,1.0,0.0
30000.0,3.141126199,-8.12611594123559E-13,30000.0,93.38666666666666,14.372734966782616,-88.05687203791474,-88.41405508072177,30000.0,-1.0,42.0,764.0,790891.1666666666,1915204.2361556464,-275.5,461.1287979433543,78.5714285714286,131.75108512667268,39.7857142857143,65.87554256333634,39.7857142857143,65.87554256333634,7.238095238095238,4.822758667136496,0.0,0.0,0.0,0.0,1.0,0.0
31000.0,3.282279067,-8.49127942023592E-13,31000.0,93.4258064516129,14.436503198737835,-85.4413102820744,-85.61020036429848,31000.0,-1.0,42.0,790.0,843821.4285714284,2048027.3496137827,-295.9285714285715,498.54321401151753,84.4047619047619,142.4429812367056,42.69047619047618,71.22875826971688,42.69047619047618,71.22875826971688,7.380952380952381,4.767534419036899,0.0,0.0,0.0,0.0,1.0,0.0
32000.0,3.386593937,-8.761142734955584E-13,32000.0,93.35625,14.386119456985059,-84.069264069264,-83.59240069084619,32000.0,-1.0,42.0,818.0,890503.2857142858,2293476.382187405,-309.9285714285714,546.8488618442472,88.4047619047619,156.24450187771438,44.6904761904762,78.12918885402064,44.6904761904762,78.12918885402064,7.476190476190477,4.895184768121978,0.0,0.0,0.0,0.0,1.0,0.0
33000.0,3.482714297,-9.009806793700491E-13,33000.0,93.28181818181818,14.190046509860341,-81.87038556193616,-80.83197389885818,33000.0,-1.0,42.0,838.0,930983.1190476192,2516182.683934207,-321.4285714285715,585.6423258251656,91.69047619047619,167.32828666080604,46.333333333333336,83.67086116522334,46.333333333333336,83.67086116522334,7.499999999999999,4.870268185133336,0.0,0.0,0.0,0.0,1.0,0.0
34000.0,3.575789933,-9.250594129682417E-13,34000.0,93.20294117647059,14.052420497859858,-80.40593286494916,-79.56487956487982,34000.0,-1.0,42.0,858.0,972046.738095238,2741927.074383867,-332.26190476190476,629.3888657793487,94.78571428571425,179.82722544279264,47.88095238095238,89.92007355612617,47.88095238095238,89.92007355612617,7.547619047619048,4.92976218172934,0.0,0.0,0.0,0.0,1.0,0.0
35000.0,3.72540857,-9.63765861363047E-13,35000.0,93.16857142857144,13.982170663032733,-78.56609410007445,-77.50556792873061,35000.0,-1.0,42.0,884.0,1033168.4761904762,2847251.2379721543,-348.92857142857144,657.6539008552329,99.54761904761904,187.90295917670787,50.26190476190476,93.95797179897019,50.26190476190476,93.95797179897019,7.642857142857143,5.083792652655264,0.0,0.0,0.0,0.0,1.0,0.0
36000.0,3.931927261,-1.0171923944209188E-12,36000.0,93.11666666666667,13.556252347253341,-75.86941092973757,-74.87649964714196,36000.0,-1.0,42.0,908.0,1095351.5952380951,3047709.4024799005,-370.09523809523813,703.8683292028559,105.5952380952381,201.10706522668036,53.285714285714285,100.55996529538511,53.285714285714285,100.55996529538511,7.928571428571428,5.233069598390871,0.0,0.0,0.0,0.0,1.0,0.0
37000.0,4.123406784,-1.0667282839616142E-12,37000.0,93.03243243243243,13.614190247189962,-73.83681726230603,-72.09612817089467,37000.0,-1.0,42.0,931.0,1151011.357142857,3253798.482647379,-394.9285714285714,760.7145675679573,112.69047619047622,217.34882473664737,56.83333333333333,108.6807624654948,56.83333333333333,108.6807624654948,8.047619047619047,5.282056052714565,0.0,0.0,0.0,0.0,1.0,0.0
38000.0,4.228105535,-1.0938139257228212E-12,38000.0,92.9578947368421,13.330856081781869,-73.42838626053158,-71.64849262347656,38000.0,-1.0,42.0,952.0,1198331.0714285714,3520400.2815795164,-406.42857142857156,805.9310368988985,115.97619047619045,230.26776439988063,58.476190476190474,115.140050054692,58.476190476190474,115.140050054692,8.07142857142857,5.2979188603517775,0.0,0.0,0.0,0.0,1.0,0.0
39000.0,4.333166509,-1.1209932748331794E-12,39000.0,92.89487179487179,13.029164527584339,-71.5789473684211,-69.79166666666666,39000.0,-1.0,42.0,973.0,1249646.2380952383,3818255.178247174,-418.42857142857144,855.7433266552434,119.40476190476193,244.499793957099,60.19047619047619,122.25587682921386,60.19047619047619,122.25587682921386,8.07142857142857,5.2979188603517775,0.0,0.0,0.0,0.0,1.0,0.0
40000.0,4.430121605,-1.146075627507849E-12,40000.0,92.8575,12.841833729415736,-70.77106993424975,-69.15334517465965,40000.0,-1.0,42.0,995.0,1306034.833333333,4151984.677278707,-429.5952380952381,902.5709365953057,122.59523809523809,257.879065958635,61.785714285714285,128.9453534687647,61.785714285714285,128.9453534687647,8.07142857142857,5.2979188603517775,0.0,0.0,0.0,0.0,1.0,0.0
41000.0,4.515935926,-1.16827585372246E-12,41000.0,92.83414634146342,12.638919913087248,-72.31671554252172,-70.81395348837182,41000.0,-1.0,42.0,1018.0,1362905.9999999998,4494285.924567697,-437.095238095238,938.9446802978853,124.73809523809524,268.2715278588059,62.85714285714287,134.1414563570444,62.85714285714287,134.1414563570444,8.07142857142857,5.2979188603517775,0.0,0.0,0.0,0.0,1.0,0.0
42000.0,4.594639885,-1.1886366242025463E-12,42000.0,92.88095238095238,12.631706241832209,-71.34670487106001,-70.07963594994317,42000.0,-1.0,42.0,1038.0,1409889.3571428573,4779221.192768754,-445.4285714285715,982.1750413478698,127.11904761904762,280.6230178815068,64.04761904761905,140.3170542945515,64.04761904761905,140.3170542945515,8.07142857142857,5.2979188603517775,0.0,0.0,0.0,0.0,1.0,0.0
43000.0,4.67173138,-1.2085802490926453E-12,43000.0,92.87674418604651,12.335148009325438,-71.59663865546231,-70.45075125208697,43000.0,-1.0,42.0,1058.0,1454278.2857142857,5049949.319940848,-453.42857142857144,1018.6302649758344,129.4047619047619,291.03876696964306,65.19047619047618,145.52482616047342,65.19047619047618,145.52482616047342,8.07142857142857,5.2979188603517775,0.0,0.0,0.0,0.0,1.0,0.0
44000.0,4.782070703,-1.2371251108642255E-12,44000.0,92.82954545454545,12.621791639241206,-69.53250940354624,-68.35645677694747,44000.0,-1.0,42.0,1084.0,1521180.333333333,5460386.516948534,-465.7619047619047,1081.105121341771,132.92857142857142,308.88867620182236,66.95238095238095,154.44960538618705,66.95238095238095,154.44960538618705,8.14285714285714,5.493106227616081,0.0,0.0,0.0,0.0,1.0,0.0
45000.0,4.862785433,-1.258006069240057E-12,45000.0,92.84444444444443,12.897738067268163,-69.02887139107621,-68.14621409921675,45000.0,-1.0,42.0,1109.0,1589298.857142857,5883405.514061752,-473.92857142857133,1122.5574545099944,135.26190476190476,320.7321699718006,68.1190476190476,160.37124649234937,68.1190476190476,160.37124649234937,8.14285714285714,5.493106227616081,0.0,0.0,0.0,0.0,1.0,0.0
46000.0,4.961356234,-1.283506405953732E-12,46000.0,92.76739130434783,12.73567815842476,-70.35330261136735,-69.39918533604902,46000.0,-1.0,42.0,1131.0,1656404.238095238,6298577.9341521505,-483.9285714285715,1169.2045741601141,138.11904761904762,334.0598896489096,69.54761904761904,167.0350047117994,69.54761904761904,167.0350047117994,8.14285714285714,5.493106227616081,0.0,0.0,0.0,0.0,1.0,0.0
47000.0,5.054866163,-1.3076974914616183E-12,47000.0,92.70425531914893,12.731580952996541,-70.85201793721977,-69.92071357779986,47000.0,-1.0,42.0,1155.0,1723694.7142857146,6718084.4317618925,-494.76190476190476,1221.7418554834674,141.21428571428575,349.07051043357325,71.0952380952381,174.5402056587689,71.0952380952381,174.5402056587689,8.166666666666668,5.472399334071365,0.0,0.0,0.0,0.0,1.0,0.0
48000.0,5.161490285,-1.3352812280774946E-12,48000.0,92.62291666666667,12.728159090659123,-70.32227032227043,-69.18299092212138,48000.0,-1.0,42.0,1180.0,1789467.9523809522,7129040.661114632,-507.42857142857144,1286.6652897876163,144.83333333333334,367.6200263041139,72.90476190476191,183.814833861424,72.90476190476191,183.814833861424,8.261904761904763,5.557063287470495,0.0,0.0,0.0,0.0,1.0,0.0
49000.0,5.254707749,-1.3593966526807184E-12,49000.0,92.62244897959184,12.754824522510596,-70.51886792452856,-69.95768688293366,49000.0,-1.0,42.0,1198.0,1840105.5000000002,7447611.471284692,-516.0952380952381,1329.9302349119178,147.30952380952385,379.98141726676636,74.14285714285714,189.99545199031343,74.14285714285714,189.99545199031343,8.285714285714285,5.636491359277114,0.0,0.0,0.0,0.0,1.0,0.0
50000.0,5.332627261,-1.3795544861608912E-12,50000.0,92.67800000000001,12.691858389161098,-69.72647195178496,-70.51700046576616,50000.0,-1.0,42.0,1219.0,1899610.238095238,7822696.759189271,-523.5952380952382,1366.8192390261024,149.45238095238093,390.5211154080643,75.21428571428572,195.26523996165378,75.21428571428572,195.26523996165378,8.333333333333334,5.616468236103047,0.0,0.0,0.0,0.0,1.0,0.0
51000.0,5.399608797,-1.396882657427341E-12,51000.0,92.73333333333333,12.752139869334941,-68.37800999545674,-70.70474435743873,51000.0,-1.0,42.0,1238.0,1949376.119047619,8136454.898781374,-529.5952380952381,1398.4763147453016,151.16666666666669,399.56597896306874,76.07142857142858,199.78761807102757,76.07142857142858,199.78761807102757,8.333333333333334,5.616468236103047,0.0,0.0,0.0,0.0,1.0,0.0
52000.0,5.560331014,-1.4384616099091044E-12,52000.0,92.5826923076923,13.317023059597801,-66.39344262295091,-66.46525679758297,52000.0,-1.0,42.0,1267.0,2049872.595238095,8258823.888017558,-555.0952380952382,1443.1200076785497,158.45238095238093,412.32134060829554,79.7142857142857,206.16537119202548,79.7142857142857,206.16537119202548,8.428571428571429,5.666085916814599,0.0,0.0,0.0,0.0,1.0,0.0
53000.0,5.673645175,-1.4677760643988024E-12,53000.0,92.44528301886793,13.275355042858966,-65.45454545454523,-64.84149855907776,53000.0,-1.0,42.0,1283.0,2099732.785714286,8304023.054266673,-569.0952380952382,1464.8272820773905,162.45238095238096,418.5234324751461,81.71428571428572,209.2664640157913,81.71428571428572,209.2664640157913,8.428571428571429,5.666085916814599,0.0,0.0,0.0,0.0,1.0,0.0
54000.0,5.796279699,-1.4995017034622533E-12,54000.0,92.35925925925926,13.133044342921085,-65.63629064632669,-64.90807354116697,54000.0,-1.0,42.0,1304.0,2167426.8333333335,8383566.6099818535,-582.2619047619048,1483.8658650102525,166.2142857142857,423.9630411707436,83.59523809523809,211.98631565634534,83.59523809523809,211.98631565634534,8.45238095238095,5.644779072573605,0.0,0.0,0.0,0.0,1.0,0.0
55000.0,5.901580632,-1.5267431301375233E-12,55000.0,92.31272727272727,12.949139334871335,-64.57765667574937,-63.939511438542155,55000.0,-1.0,42.0,1323.0,2230066.619047619,8474853.437937131,-595.7619047619048,1507.6293749366562,170.07142857142858,430.75262511308256,85.52380952380953,215.3811412465023,85.52380952380953,215.3811412465023,8.476190476190474,5.683686948512169,0.0,0.0,0.0,0.0,1.0,0.0
56000.0,6.008767557,-1.554472464292E-12,56000.0,92.29821428571428,12.6963825343721,-63.9300646142151,-62.87764350453179,56000.0,-1.0,42.0,1346.0,2307595.214285714,8612588.37910369,-605.5952380952381,1524.3700347696422,172.88095238095235,435.5356781543991,86.92857142857142,217.77269340537478,86.92857142857142,217.77269340537478,8.547619047619046,5.8234277934881105,0.0,0.0,0.0,0.0,1.0,0.0
57000.0,6.112721457,-1.581365412566811E-12,57000.0,92.29122807017544,12.629810878204934,-63.894069377098305,-62.86137879911051,57000.0,-1.0,42.0,1372.0,2392295.4523809524,8792768.80182855,-617.2619047619046,1549.57435634126,176.21428571428572,442.73691663550755,88.59523809523809,221.37332550482202,88.59523809523809,221.37332550482202,8.547619047619046,5.8234277934881105,0.0,0.0,0.0,0.0,1.0,0.0
58000.0,6.209373378,-1.6063693336521587E-12,58000.0,92.24137931034483,12.6966359424833,-63.220892274211,-62.10374639769445,58000.0,-1.0,42.0,1388.0,2445756.2142857146,8921102.560092585,-628.2619047619048,1573.3875068799928,179.35714285714286,449.5406773112877,90.16666666666666,224.7752174372961,90.16666666666666,224.7752174372961,8.57142857142857,5.856590438808595,0.0,0.0,0.0,0.0,1.0,0.0
59000.0,6.314921283,-1.633674652160456E-12,59000.0,92.21694915254237,12.787165619096877,-63.64932287954373,-62.54867256637154,59000.0,-1.0,42.0,1414.0,2530466.1428571427,9148756.732894538,-638.7619047619046,1597.163580508772,182.35714285714286,456.33384342502177,91.66666666666667,228.17180803889826,91.66666666666667,228.17180803889826,8.61904761904762,5.905567364793678,0.0,0.0,0.0,0.0,1.0,0.0
60000.0,6.412299579,-1.6588664869777859E-12,60000.0,92.24166666666666,12.623485024031375,-63.620386643233765,-62.47818499127414,60000.0,-1.0,42.0,1443.0,2640241.761904762,9469719.513486149,-646.9285714285713,1616.3779501404824,184.6904761904762,461.82366437879244,92.83333333333334,230.91672204568727,92.83333333333334,230.91672204568727,8.642857142857144,5.925642616469412,0.0,0.0,0.0,0.0,1.0,0.0
61000.0,6.512231555,-1.6847189606374337E-12,61000.0,92.27704918032786,12.546780857809829,-63.51961124609513,-62.336319779462734,61000.0,-1.0,42.0,1470.0,2756219.404761905,9839949.062678859,-657.9285714285714,1638.0877517942677,187.83333333333334,468.0264697885839,94.40476190476191,234.01814183622284,94.40476190476191,234.01814183622284,8.714285714285717,5.9562867557209085,0.0,0.0,0.0,0.0,1.0,0.0
62000.0,6.60977746,-1.7099541560229328E-12,62000.0,92.25,12.358086940636527,-63.49098332766248,-62.276258020938755,62000.0,-1.0,42.0,1497.0,2841096.5714285714,1.0144245553467205E7,-669.7619047619048,1667.9379383892658,191.21428571428572,476.5550942333124,96.0952380952381,238.2824527610969,96.0952380952381,238.2824527610969,8.761904761904763,5.937929029673576,0.0,0.0,0.0,0.0,1.0,0.0
63000.0,6.724140287,-1.7395399011568063E-12,63000.0,92.18730158730159,12.542603349187864,-62.81839232550441,-61.06020942408386,63000.0,-1.0,42.0,1520.0,2931790.3809523806,1.0493723166445259E7,-684.4285714285713,1704.7693377033502,195.40476190476193,487.0783509629341,98.1904761904762,243.54408005836444,98.1904761904762,243.54408005836444,8.761904761904763,5.937929029673576,0.0,0.0,0.0,0.0,1.0,0.0
64000.0,6.834163681,-1.7680030318701432E-12,64000.0,92.1140625,12.937698250506239,-62.022471910112166,-60.01902346226986,64000.0,-1.0,42.0,1542.0,2998702.833333333,1.0763072488544397E7,-695.0952380952382,1732.381580924939,198.45238095238096,494.9675624937679,99.71428571428572,247.48868273847125,99.71428571428572,247.48868273847125,8.833333333333334,5.921917399884679,0.0,0.0,0.0,0.0,1.0,0.0
65000.0,6.938509058,-1.7949972555248273E-12,65000.0,92.06307692307692,13.029306220328468,-61.1683848797251,-58.49462365591377,65000.0,-1.0,42.0,1561.0,3077158.595238095,1.1093705269476622E7,-706.4285714285714,1764.0920851864344,201.6904761904762,504.027703850243,101.33333333333333,252.01874365703745,101.33333333333333,252.01874365703745,8.857142857142858,5.977891905816855,0.0,0.0,0.0,0.0,1.0,0.0
66000.0,7.046895238,-1.8230368378054765E-12,66000.0,91.96969696969697,13.156164543744966,-60.460187708144275,-57.50371471025252,66000.0,-1.0,42.0,1576.0,3147370.261904762,1.1400731203005454E7,-717.5952380952381,1798.0898002415977,204.88095238095238,513.7413320083416,102.92857142857144,256.8755409804658,102.92857142857144,256.8755409804658,8.904761904761905,6.0235696563867025,0.0,0.0,0.0,0.0,1.0,0.0
67000.0,7.133161291,-1.845353927411553E-12,67000.0,91.93432835820894,13.403875096467143,-59.73987584983752,-56.91056910569131,67000.0,-1.0,42.0,1586.0,3197235.023809524,1.162436049839657E7,-725.2619047619047,1821.4671794546368,207.0714285714286,520.4205800498024,104.02380952380955,260.2151537642422,104.02380952380955,260.2151537642422,8.952380952380953,6.01198956943897,0.0,0.0,0.0,0.0,1.0,0.0
68000.0,7.238833097,-1.8726912991971603E-12,68000.0,91.89117647058823,13.406288598314495,-59.04239976925298,-55.98302687411601,68000.0,-1.0,42.0,1604.0,3278154.642857143,1.1996907996040594E7,-738.0952380952381,1859.8724950989383,210.7380952380952,531.3935228005062,105.85714285714286,265.70160885424684,105.85714285714286,265.70160885424684,8.976190476190476,6.014162534154209,0.0,0.0,0.0,0.0,1.0,0.0
69000.0,7.355617237,-1.9029034397357867E-12,69000.0,91.7927536231884,13.916264699902081,-58.494262524489116,-54.93844049247597,69000.0,-1.0,42.0,1629.0,3373669.2142857146,1.2451342945532925E7,-751.5952380952382,1907.510010964029,214.59523809523807,545.0042317814588,107.78571428571428,272.50692859522707,107.78571428571428,272.50692859522707,8.999999999999998,6.016238189368795,0.0,0.0,0.0,0.0,1.0,0.0
70000.0,7.472582186,-1.9331623556920224E-12,70000.0,91.66571428571429,14.296627100716949,-58.57569991845614,-54.33862433862424,70000.0,-1.0,42.0,1646.0,3461119.738095238,1.287899053827893E7,-764.9285714285716,1955.0082576440557,218.40476190476184,558.5751498460629,109.69047619047616,279.2923538722015,109.69047619047616,279.2923538722015,9.023809523809524,6.022268008220318,0.0,0.0,0.0,0.0,1.0,0.0
71000.0,7.576975854,-1.960169072262943E-12,71000.0,91.61267605633803,14.448869889208474,-58.41979249800483,-54.19471776281728,71000.0,-1.0,42.0,1659.0,3529779.4523809524,1.3220291701126495E7,-774.595238095238,1989.9703032411437,221.16666666666669,568.5642987284886,111.07142857142858,284.2869035921405,111.07142857142858,284.2869035921405,9.023809523809524,6.022268008220318,0.0,0.0,0.0,0.0,1.0,0.0
72000.0,7.689511859,-1.9892822172389265E-12,72000.0,91.5111111111111,14.41991124192895,-58.712022851207465,-54.18768920282554,72000.0,-1.0,42.0,1673.0,3587354.5714285714,1.3510964120959325E7,-781.7619047619047,2017.6573811679846,223.21428571428572,576.4748862050168,112.09523809523809,288.24217540826373,112.09523809523809,288.24217540826373,9.047619047619047,6.016045135373226,0.0,0.0,0.0,0.0,1.0,0.0
73000.0,7.790575899,-2.0154275566649935E-12,73000.0,91.47534246575343,14.432167947488775,-58.54777070063699,-54.149120634134164,73000.0,-1.0,42.0,1696.0,3682056.6428571427,1.3999749140167119E7,-794.2619047619047,2067.2794784276243,226.7857142857143,590.6526169731936,113.88095238095238,295.3310009398675,113.88095238095238,295.3310009398675,9.047619047619047,6.016045135373226,0.0,0.0,0.0,0.0,1.0,0.0
74000.0,7.905551823,-2.045171910431236E-12,74000.0,91.42027027027027,14.297346227922414,-58.52684144818993,-53.952473326867064,74000.0,-1.0,42.0,1715.0,3764581.666666667,1.4431082308087217E7,-806.0952380952382,2110.066266553035,230.16666666666669,602.8774060011427,115.57142857142857,301.4433686940496,115.57142857142857,301.4433686940496,9.071428571428575,6.013776286700465,0.0,0.0,0.0,0.0,1.0,0.0
75000.0,8.019024686,-2.074527421241833E-12,75000.0,91.41733333333333,14.346450805138861,-58.42973172532632,-53.95838316192292,75000.0,-1.0,42.0,1739.0,3879915.0238095243,1.5047043581353368E7,-817.7619047619048,2156.544817916866,233.49999999999997,616.1569822936914,117.23809523809521,308.08312225870736,117.23809523809521,308.08312225870736,9.095238095238095,6.015465936212496,0.0,0.0,0.0,0.0,1.0,0.0
76000.0,8.13211455,-2.1037838499372203E-12,76000.0,91.35,14.515741248772635,-58.67728699010374,-54.31924882629116,76000.0,-1.0,42.0,1763.0,3990420.880952381,1.5646219377221351E7,-831.5952380952381,2214.44377269232,237.45238095238096,632.6995280534599,119.21428571428572,316.3543502354472,119.21428571428572,316.3543502354472,9.119047619047617,5.988616766680344,0.0,0.0,0.0,0.0,1.0,0.0
77000.0,8.306250275,-2.148832886531535E-12,77000.0,91.25324675324676,14.648396968372687,-59.63498459350545,-55.255878284923895,77000.0,-1.0,42.0,1785.0,4097818.0476190476,1.6238347425712204E7,-843.2619047619048,2265.0652503337415,240.78571428571422,647.1627961100588,120.88095238095235,323.5859445816183,120.88095238095235,323.5859445816183,9.142857142857142,5.965639125375924,0.0,0.0,0.0,0.0,1.0,0.0
78000.0,8.420615853,-2.1784193433510757E-12,78000.0,91.21282051282051,14.57470470931123,-60.102779724363344,-55.772727272727195,78000.0,-1.0,42.0,1806.0,4200719.880952381,1.6813297728905767E7,-854.2619047619048,2311.2503432655376,243.92857142857144,660.358527632847,122.45238095238096,330.18377753216816,122.45238095238096,330.18377753216816,9.166666666666666,6.028050959803155,0.0,0.0,0.0,0.0,1.0,0.0
79000.0,8.536378768,-2.2083672922518516E-12,79000.0,91.20632911392406,14.544089502855867,-60.62427745664743,-56.28796400449949,79000.0,-1.0,42.0,1831.0,4310449.761904761,1.7433104140194792E7,-864.7619047619048,2355.300165320178,246.92857142857144,672.944182545848,123.95238095238095,336.47657493798533,123.95238095238095,336.47657493798533,9.238095238095239,6.06392581446965,0.0,0.0,0.0,0.0,1.0,0.0
80000.0,8.650481135,-2.237885656197452E-12,80000.0,91.19125,14.59699740094379,-60.63369044905404,-56.287425149700624,80000.0,-1.0,42.0,1858.0,4429703.19047619,1.8115560721528344E7,-877.7619047619046,2414.51695729186,250.64285714285717,689.8632533787905,125.80952380952382,344.93606605164143,125.80952380952382,344.93606605164143,9.238095238095239,6.06392581446965,0.0,0.0,0.0,0.0,1.0,0.0
81000.0,8.764045875,-2.2672649356536567E-12,81000.0,91.11604938271604,14.670240406770166,-61.02036249720312,-56.63909447104933,81000.0,-1.0,42.0,1881.0,4548203.19047619,1.8798678407327592E7,-890.4285714285716,2467.85309226814,254.2619047619048,705.1021396179736,127.61904761904762,352.5554758201582,127.61904761904762,352.5554758201582,9.285714285714288,6.04973579058528,0.0,0.0,0.0,0.0,1.0,0.0
82000.0,8.86661682,-2.2938001124809185E-12,82000.0,91.08536585365854,14.706353156522006,-60.624038672819125,-56.833297575627505,82000.0,-1.0,42.0,1895.0,4628062.833333334,1.9261191375278622E7,-901.2619047619047,2512.345887126639,257.3571428571429,717.8143594996081,129.16666666666669,358.9115603182507,129.16666666666669,358.9115603182507,9.309523809523808,6.034405805565991,0.0,0.0,0.0,0.0,1.0,0.0
83000.0,8.958798564,-2.3176475955794254E-12,83000.0,91.07951807228916,14.591073528297594,-58.78190006433622,-56.930902924968095,83000.0,-1.0,42.0,1907.0,4696727.952380952,1.966084754935726E7,-910.9285714285716,2554.713839092662,260.1190476190476,729.919481105027,130.54761904761904,364.9640946176027,130.54761904761904,364.9640946176027,9.309523809523808,6.034405805565991,0.0,0.0,0.0,0.0,1.0,0.0
84000.0,9.05860833,-2.343468453424672E-12,84000.0,91.08214285714286,14.53076943643439,-56.945317410433695,-56.81389993719901,84000.0,-1.0,42.0,1923.0,4771272.833333333,2.009767890554168E7,-918.7619047619048,2589.248481321473,262.35714285714283,739.7865157261075,131.66666666666669,369.897590749489,131.66666666666669,369.897590749489,9.333333333333334,6.027039343826497,0.0,0.0,0.0,0.0,1.0,0.0
85000.0,9.177648931,-2.374264342037754E-12,85000.0,91.06235294117647,15.055417143667771,-56.15621788283658,-55.77199097806037,85000.0,-1.0,42.0,1946.0,4886730.738095238,2.077743622089319E7,-930.7619047619048,2644.6802915224016,265.7857142857143,755.624165700741,133.38095238095238,377.8163802554288,133.38095238095238,377.8163802554288,9.357142857142856,6.035752942993126,0.0,0.0,0.0,0.0,1.0,0.0
86000.0,9.310182409,-2.4085508475804494E-12,86000.0,90.94186046511628,15.611473445125382,-55.8311662332467,-54.47154471544708,86000.0,-1.0,42.0,1967.0,5003120.785714285,2.1467448937952463E7,-944.5952380952381,2710.457724458054,269.73809523809524,774.4177060162076,135.35714285714283,387.21310836437164,135.35714285714283,387.21310836437164,9.380952380952383,6.020097969190595,0.0,0.0,0.0,0.0,1.0,0.0
87000.0,9.413520782,-2.4352845585801534E-12,87000.0,90.89655172413794,15.553586609922487,-56.18221258134479,-54.5667447306793,87000.0,-1.0,42.0,1988.0,5110810.30952381,2.2110563420640394E7,-957.9285714285716,2772.944806016258,273.5476190476191,792.2711473023937,137.26190476190476,396.13979175401903,137.26190476190476,396.13979175401903,9.380952380952383,6.020097969190595,0.0,0.0,0.0,0.0,1.0,0.0
88000.0,9.526505757,-2.464513852416227E-12,88000.0,90.86590909090908,15.506479018385196,-56.107982132452804,-54.45810914681009,88000.0,-1.0,42.0,2008.0,5216006.19047619,2.2740704486609392E7,-967.9285714285713,2817.036025751761,276.4047619047619,804.8686321995177,138.6904761904762,402.4385114732944,138.6904761904762,402.4385114732944,9.404761904761909,6.0043054626051005,0.0,0.0,0.0,0.0,1.0,0.0
89000.0,9.633127235,-2.4920969050274124E-12,89000.0,90.8629213483146,15.420731719680353,-55.48757170172075,-53.92769259890212,89000.0,-1.0,42.0,2024.0,5306502.952380952,2.3283874399190277E7,-980.2619047619047,2871.067542251818,279.92857142857144,820.3062007971182,140.45238095238096,410.15726920535946,140.45238095238096,410.15726920535946,9.45238095238095,5.980465684422508,0.0,0.0,0.0,0.0,1.0,0.0
90000.0,9.764147386,-2.5259919117929202E-12,90000.0,90.81777777777778,15.357186255460082,-55.13422188849274,-53.37787676317759,90000.0,-1.0,42.0,2045.0,5421082.023809524,2.397493007138309E7,-993.5952380952381,2931.9775234516296,283.73809523809524,837.7090437186355,142.35714285714286,418.85865952019213,142.35714285714286,418.85865952019213,9.45238095238095,5.980465684422508,0.0,0.0,0.0,0.0,1.0,0.0
91000.0,9.873924871,-2.5543914256720903E-12,91000.0,90.78461538461539,15.41077572516169,-55.21006848047367,-53.3369903090143,91000.0,-1.0,42.0,2064.0,5518382.642857143,2.4563556523643095E7,-1005.0952380952383,2986.2447811838038,287.0238095238095,853.2139664761775,144.0,426.61109267135083,144.0,426.61109267135083,9.476190476190476,5.964276151522027,0.0,0.0,0.0,0.0,1.0,0.0
92000.0,9.987172892,-2.583688769696487E-12,92000.0,90.77826086956522,15.368553960809031,-55.1289083927591,-53.1407942238268,92000.0,-1.0,42.0,2090.0,5670938.0,2.5494321738087356E7,-1017.2619047619047,3049.77691354889,290.50000000000006,871.3659937832961,145.73809523809524,435.68706936951384,145.73809523809524,435.68706936951384,9.476190476190476,5.964276151522027,0.0,0.0,0.0,0.0,1.0,0.0
93000.0,10.091089721,-2.610572127677086E-12,93000.0,90.71505376344085,15.282119125289809,-56.57298277425205,-54.47227191413256,93000.0,-1.0,42.0,2118.0,5831175.857142856,2.6476898086705487E7,-1025.261904761905,3090.6617576927724,292.78571428571433,883.047371480571,146.8809523809524,441.52773591197945,146.8809523809524,441.52773591197945,9.476190476190476,5.964276151522027,0.0,0.0,0.0,0.0,1.0,0.0
94000.0,10.205294883,-2.640117084762702E-12,94000.0,90.65744680851063,15.352900009432425,-57.581195047550736,-55.46114356523276,94000.0,-1.0,42.0,2142.0,5967583.357142857,2.731586507585157E7,-1034.4285714285713,3137.6918901021086,295.4047619047619,896.4845450363136,148.1904761904762,448.24629761072083,148.1904761904762,448.24629761072083,9.500000000000002,5.956140508424692,0.0,0.0,0.0,0.0,1.0,0.0
95000.0,10.310860448,-2.6674269719256293E-12,95000.0,90.67052631578947,15.39133657510002,-57.229022529714356,-55.1374059163311,95000.0,-1.0,42.0,2166.0,6108928.857142857,2.8185700122555926E7,-1047.595238095238,3202.1471992758907,299.1666666666667,914.9003388792141,150.07142857142856,457.4541636565241,150.07142857142856,457.4541636565241,9.523809523809524,5.919121948884036,0.0,0.0,0.0,0.0,1.0,0.0
96000.0,10.526964245,-2.7233331787606907E-12,96000.0,90.61458333333333,15.527836466672845,-57.10549258936369,-54.81099656357381,96000.0,-1.0,42.0,2192.0,6270410.023809524,2.8933593891952563E7,-1076.7619047619048,3295.673511309563,307.50000000000006,941.6221408280292,154.23809523809524,470.8150592077224,154.23809523809524,470.8150592077224,9.571428571428573,5.877376456121272,0.0,0.0,0.0,0.0,1.0,0.0
97000.0,10.754105766,-2.7820948526884116E-12,97000.0,90.55670103092783,15.602367933188669,-57.25321888412018,-54.573067836651965,97000.0,-1.0,42.0,2216.0,6440351.880952381,2.922951061633633E7,-1109.9285714285716,3362.967928401406,316.9761904761905,960.8491287396621,158.97619047619048,480.428593617846,158.97619047619048,480.428593617846,9.714285714285712,5.861348027277011,0.0,0.0,0.0,0.0,1.0,0.0
98000.0,10.93749032,-2.82953656795952E-12,98000.0,90.50612244897958,15.821542108723191,-57.135618983280054,-54.21846510856953,98000.0,-1.0,42.0,2241.0,6609052.095238095,3.0002660483683754E7,-1133.4285714285713,3432.4980673815967,323.69047619047615,980.7148833101847,162.33333333333331,490.3614727767057,162.33333333333331,490.3614727767057,9.738095238095237,5.85624338012807,0.0,0.0,0.0,0.0,1.0,0.0
99000.0,11.097261999,-2.8708696155808863E-12,99000.0,90.47272727272727,15.880588736964452,-56.80798004987525,-53.49064279902366,99000.0,-1.0,42.0,2263.0,6747977.785714285,3.0852966997933757E7,-1147.8333333333333,3497.3622458735654,327.80952380952374,999.2463559638758,164.40476190476187,499.6231779819379,164.40476190476187,499.6231779819379,9.761904761904761,5.925593615666329,0.0,0.0,0.0,0.0,1.0,0.0
100000.0,11.23707936,-2.9070404668649036E-12,100000.0,90.41,15.999562461954525,-56.750572082379804,-53.292838874680406,100000.0,-1.0,42.0,2284.0,6877078.571428572,3.1648309403334092E7,-1161.4285714285716,3565.0462737246357,331.69047619047615,1018.5857840257147,166.33333333333331,509.29686903907833,166.33333333333331,509.29686903907833,9.761904761904761,5.925593615666329,0.0,0.0,0.0,0.0,1.0,0.0
101000.0,11.38154522,-2.9444138881646923E-12,101000.0,90.33564356435645,16.001152606227407,-57.3086220789684,-53.76496534341534,101000.0,-1.0,42.0,2303.0,6987646.857142856,3.2330673435160477E7,-1174.595238095238,3626.5525527059094,335.45238095238096,1036.1590000028355,168.2142857142857,518.083453853522,168.2142857142857,518.083453853522,9.80952380952381,5.968364139311482,0.0,0.0,0.0,0.0,1.0,0.0
102000.0,11.536689648,-2.9845498626430826E-12,102000.0,90.27941176470588,15.992178897024475,-58.058345289335186,-54.41520012459116,102000.0,-1.0,42.0,2330.0,7144264.023809524,3.330284704849584E7,-1189.9285714285713,3701.0143790314983,339.83333333333337,1057.4337992694382,170.40476190476193,528.7208244628479,170.40476190476193,528.7208244628479,9.83333333333333,5.9711365371020815,0.0,0.0,0.0,0.0,1.0,0.0
103000.0,11.677962738,-3.021097312060495E-12,103000.0,90.20970873786408,15.953102748633965,-57.93265465935774,-53.813300793166476,103000.0,-1.0,42.0,2351.0,7263631.380952381,3.404069174575643E7,-1204.261904761905,3769.940894015053,343.9285714285714,1077.1270820432844,172.4523809523809,538.5674404575736,172.4523809523809,538.5674404575736,9.83333333333333,5.9711365371020815,0.0,0.0,0.0,0.0,1.0,0.0
104000.0,11.835104316,-3.061749950672189E-12,104000.0,90.14615384615384,16.135890790402403,-57.90446841294293,-53.36725531278059,104000.0,-1.0,42.0,2368.0,7385165.19047619,3.4796032830549054E7,-1217.9285714285716,3831.074767323433,347.83333333333337,1094.5938976684495,174.40476190476193,547.3008295494825,174.40476190476193,547.3008295494825,9.880952380952381,5.964130100134944,0.0,0.0,0.0,0.0,1.0,0.0
105000.0,11.976779615,-3.0984014518455496E-12,105000.0,90.09809523809523,16.109197052272172,-58.08119203284172,-53.39333136618488,105000.0,-1.0,42.0,2388.0,7504464.690476191,3.5539753036729746E7,-1229.4285714285716,3891.613535464135,351.1190476190476,1111.89068164142,176.04761904761904,555.9491972044221,176.04761904761904,555.9491972044221,9.880952380952381,5.964130100134944,0.0,0.0,0.0,0.0,1.0,0.0
106000.0,12.115835868,-3.1343754039456446E-12,106000.0,90.0066037735849,16.14082918661273,-58.364478995365445,-53.56625108727165,106000.0,-1.0,42.0,2403.0,7597965.976190476,3.6120943437858336E7,-1241.9285714285713,3953.8016617098247,354.69047619047615,1129.6587114245297,177.83333333333331,564.8331899953517,177.83333333333331,564.8331899953517,9.904761904761907,5.970698875665998,0.0,0.0,0.0,0.0,1.0,0.0
107000.0,12.335022245,-3.1910790764312778E-12,107000.0,89.95514018691588,16.20862366731407,-58.501695915056985,-53.56479497071008,107000.0,-1.0,42.0,2423.0,7746889.404761905,3.656205734560775E7,-1265.0,4040.6398370410257,361.2857142857143,1154.4685248688645,181.14285714285714,577.2342624344323,181.14285714285714,577.2342624344323,9.738095238095237,6.152768656227043,0.0,0.0,0.0,0.0,1.0,0.0
108000.0,12.645648576,-3.271438330411911E-12,108000.0,89.93055555555556,16.265967357288698,-58.55080915585371,-53.62339313462356,108000.0,-1.0,42.0,2454.0,7976829.0476190485,3.746876786013001E7,-1296.595238095238,4102.8383932288125,370.30952380952385,1172.2406414087934,185.64285714285717,586.1241781950378,185.64285714285717,586.1241781950378,9.904761904761903,6.2501103358437335,0.0,0.0,0.0,0.0,1.0,0.0
109000.0,12.884136002,-3.333135198077394E-12,109000.0,89.91100917431193,16.2945943802075,-58.526740665993984,-53.546495392348426,109000.0,-1.0,42.0,2472.0,8135148.4523809515,3.810269656874012E7,-1326.761904761905,4161.305985253139,378.92857142857144,1188.9456774982664,189.9523809523809,594.4767304470154,189.9523809523809,594.4767304470154,10.261904761904763,6.247182872652841,0.0,0.0,0.0,0.0,1.0,0.0
110000.0,13.063014678,-3.37941123948743E-12,110000.0,89.89454545454545,16.52703419957226,-58.370138196324305,-53.429951690821376,110000.0,-1.0,42.0,2493.0,8283933.452380953,3.89835148901882E7,-1344.5,4219.329372502049,384.0,1205.5226778577282,192.5,602.7613389288641,192.5,602.7613389288641,10.285714285714285,6.228517085720165,0.0,0.0,0.0,0.0,1.0,0.0
111000.0,13.383888424,-3.4624215070572168E-12,111000.0,89.86756756756756,16.549304304473146,-58.207905471937046,-53.22888283378755,111000.0,-1.0,42.0,2523.0,8531678.738095239,3.904813929862932E7,-1378.7619047619048,4252.697340939666,393.7857142857142,1215.0575121531167,197.38095238095235,607.5327132567592,197.38095238095235,607.5327132567592,10.309523809523808,6.433479865698354,0.0,0.0,0.0,0.0,1.0,0.0
112000.0,13.627868099,-3.5255392234668966E-12,112000.0,89.87321428571428,16.58778969236839,-58.341477034761915,-53.33243206705423,112000.0,-1.0,42.0,2547.0,8726177.142857142,3.9341033851305544E7,-1404.595238095238,4281.396569843706,401.1666666666667,1223.2573052957214,201.07142857142858,611.6326568853572,201.07142857142858,611.6326568853572,10.428571428571427,6.367382037145929,0.0,0.0,0.0,0.0,1.0,0.0
113000.0,13.864642901,-3.5867930340787604E-12,113000.0,89.85575221238939,16.61324769804503,-58.21946169772259,-53.18722437525053,113000.0,-1.0,42.0,2574.0,8945615.5,3.9339364949944474E7,-1435.095238095238,4307.1677231780195,409.88095238095235,1230.6205098000496,205.42857142857142,615.314321534705,205.42857142857142,615.314321534705,10.64285714285714,6.34312160041337,0.0,0.0,0.0,0.0,1.0,0.0
114000.0,14.054449941,-3.6358962510712447E-12,114000.0,89.80263157894737,16.657128538043803,-58.31404058286797,-53.34388603086665,114000.0,-1.0,42.0,2596.0,9102358.666666666,3.935749578753813E7,-1456.595238095238,4321.456998313121,416.0238095238096,1234.7031733370366,208.50000000000003,617.3557005289655,208.50000000000003,617.3557005289655,10.690476190476188,6.368704333666557,0.0,0.0,0.0,0.0,1.0,0.0
115000.0,14.208880896,-3.67584764957428E-12,115000.0,89.75826086956522,16.620253272713782,-57.39676600294003,-53.359374999999844,115000.0,-1.0,42.0,2616.0,9230773.571428573,3.9387621177892E7,-1477.095238095238,4330.255283465026,421.8809523809524,1237.2169832049583,211.42857142857142,618.6126548372081,211.42857142857142,618.6126548372081,10.690476190476188,6.368704333666557,0.0,0.0,0.0,0.0,1.0,0.0
116000.0,14.324297974,-3.705706130195823E-12,116000.0,89.74655172413793,16.508355542639514,-57.26563532989554,-54.06735751295317,116000.0,-1.0,42.0,2639.0,9361571.785714285,3.943519777281897E7,-1489.261904761905,4339.023488317607,425.3571428571429,1239.7221919609322,213.16666666666663,619.8652849972448,213.16666666666663,619.8652849972448,10.714285714285714,6.375584963255794,0.0,0.0,0.0,0.0,1.0,0.0
117000.0,14.437726927,-3.735050281458017E-12,117000.0,89.73589743589744,16.509706478025777,-56.18415918845111,-54.0405336069778,117000.0,-1.0,42.0,2660.0,9506131.738095239,3.950826183463849E7,-1504.2619047619048,4347.151790060985,429.6428571428571,1242.0445736754039,215.3095238095238,621.0265101012583,215.3095238095238,621.0265101012583,10.738095238095239,6.390005625439425,0.0,0.0,0.0,0.0,1.0,0.0
118000.0,14.555154962,-3.765428998093638E-12,118000.0,89.7135593220339,16.467844151141918,-55.47585500192134,-54.447130678203315,118000.0,-1.0,42.0,2685.0,9656078.0,3.960590228933841E7,-1517.7619047619046,4355.49510954209,433.5,1244.4283877327462,217.23809523809524,622.2184468388311,217.23809523809524,622.2184468388311,10.761904761904761,6.408110424315477,0.0,0.0,0.0,0.0,1.0,0.0
119000.0,14.671569751,-3.795545587264415E-12,119000.0,89.6890756302521,16.379641191490528,-55.178955356013645,-54.982948086396455,119000.0,-1.0,42.0,2705.0,9797183.976190478,3.980554599027847E7,-1530.4285714285716,4370.545169671556,437.1190476190476,1248.7284108318281,219.04761904761904,624.3684790867645,219.04761904761904,624.3684790867645,10.761904761904761,6.408110424315477,0.0,0.0,0.0,0.0,1.0,0.0
120000.0,14.782810471,-3.824323641084548E-12,120000.0,89.69916666666666,16.354093578284274,-53.877754263662425,-54.82214428857721,120000.0,-1.0,42.0,2725.0,9937371.761904761,4.065331408861395E7,-1543.7619047619046,4432.103105967639,440.92857142857133,1266.3163861750627,220.95238095238093,633.1624440883627,220.95238095238093,633.1624440883627,10.761904761904761,6.408110424315477,0.0,0.0,0.0,0.0,1.0,0.0
121000.0,14.918348815,-3.859387507610437E-12,121000.0,89.68264462809917,16.392341062575916,-52.522907758093986,-54.753935787777266,121000.0,-1.0,42.0,2745.0,1.008838780952381E7,4.1587834530389115E7,-1557.7619047619046,4498.9013987401995,444.92857142857144,1285.4016055134075,222.95238095238096,642.7050285898505,222.95238095238096,642.7050285898505,10.761904761904761,6.408110424315477,0.0,0.0,0.0,0.0,1.0,0.0
122000.0,15.027898684,-3.887728137067623E-12,122000.0,89.66639344262295,16.289901175718914,-51.2900516020641,-54.72508591065305,122000.0,-1.0,42.0,2761.0,1.019174407142857E7,4.2226909854940094E7,-1569.9285714285716,4552.560321684755,448.40476190476187,1300.7327214534498,224.69047619047618,650.3705693434016,224.69047619047618,650.3705693434016,10.761904761904761,6.408110424315477,0.0,0.0,0.0,0.0,1.0,0.0
123000.0,15.139216367,-3.9165261012708974E-12,123000.0,89.65853658536585,16.28045584964314,-50.336839617066545,-54.74452554744534,123000.0,-1.0,42.0,2775.0,1.0295224333333334E7,4.287010505133305E7,-1582.7619047619048,4612.897263265267,452.07142857142867,1317.971841604108,226.52380952380958,658.990108297472,226.52380952380958,658.990108297472,10.761904761904761,6.408110424315477,0.0,0.0,0.0,0.0,1.0,0.0
124000.0,15.269373853,-3.950197935983952E-12,124000.0,89.62983870967743,16.20872915110971,-49.43637420104597,-55.03978779840837,124000.0,-1.0,42.0,2795.0,1.0417681857142856E7,4.363298842885573E7,-1595.095238095238,4669.734701868023,455.5952380952381,1334.211104434483,228.28571428571422,667.1097209537129,228.28571428571422,667.1097209537129,10.785714285714286,6.4298682393119755,0.0,0.0,0.0,0.0,1.0,0.0
124136.0,15.286461045,-3.954618404774616E-12,124136.0,89.63797770187536,16.206134487403727,-49.41340457660603,-55.050626808100326,124136.0,-1.0,42.0,2797.0,1.043277038095238E7,4.37273393866556E7,-1596.2619047619046,4676.526942807669,455.92857142857133,1336.1517438443873,228.4523809523809,668.0800376463212,228.4523809523809,668.0800376463212,10.785714285714286,6.4298682393119755,0.0,0.0,0.0,0.0,1.0,0.0
