learning evaluation instances,evaluation time (cpu seconds),model cost (RAM-Hours),classified instances,classifications correct (percent),Kappa Statistic (percent),Kappa Temporal Statistic (percent),Kappa M Statistic (percent),model training instances,model serialized size (bytes),ensemble size,change detections,[avg] model training instances,[err] model training instances,[avg] model serialized size (bytes),[err] model serialized size (bytes),[avg] tree size (nodes),[err] tree size (nodes),[avg] tree size (leaves),[err] tree size (leaves),[avg] active learning leaves,[err] active learning leaves,[avg] tree depth,[err] tree depth,[avg] active leaf byte size estimate,[err] active leaf byte size estimate,[avg] inactive leaf byte size estimate,[err] inactive leaf byte size estimate,[avg] byte size estimate overhead,[err] byte size estimate overhead
1000.0,0.218714087,-5.658149072486493E-14,1000.0,91.10000000000001,22.416423309942065,-89.36170212765934,-97.77777777777753,1000.0,-1.0,42.0,22.0,2115.904761904762,3427.4324017779345,-5.595238095238097,5.127922242711354,1.4523809523809526,1.4684051569625438,1.2142857142857142,0.7501451659744554,1.2142857142857142,0.7501451659744554,0.2380952380952381,0.7261500150568166,0.0,0.0,0.0,0.0,1.0,0.0
2000.0,0.323254362,-8.362613463153442E-14,2000.0,91.4,15.72799741304548,-135.61643835616445,-142.25352112676063,2000.0,-1.0,42.0,46.0,5429.5952380952385,10226.804684342225,-8.761904761904763,9.762570442728958,2.357142857142857,2.7921617516517125,1.6666666666666672,1.4084529943872368,1.6666666666666672,1.4084529943872368,0.6190476190476192,1.2087562838615071,0.0,0.0,0.0,0.0,1.0,0.0
3000.0,0.439113426,-1.1359895734737317E-13,3000.0,92.30000000000001,15.817246895988845,-159.5505617977531,-165.51724137930995,3000.0,-1.0,42.0,65.0,9824.666666666668,20992.224660070257,-12.0,16.1834001070353,3.2857142857142865,4.623828602010087,2.1428571428571437,2.3119143010050434,2.1428571428571437,2.3119143010050434,0.9761904761904763,1.9189440088692995,0.0,0.0,0.0,0.0,1.0,0.0
4000.0,0.52669224,-1.362556591629982E-13,4000.0,93.22500000000001,20.58450973022907,-127.7310924369743,-131.62393162393155,4000.0,-1.0,42.0,88.0,18026.023809523806,53886.69367744902,-16.66666666666666,23.762715894162156,4.61904761904762,6.789347398332044,2.80952380952381,3.394673699166022,2.80952380952381,3.394673699166022,1.3333333333333333,2.1938569073850966,0.0,0.0,0.0,0.0,1.0,0.0
5000.0,0.653049862,-1.6894446634170082E-13,5000.0,93.74,19.29137309870585,-115.86206896551701,-120.42253521126771,5000.0,-1.0,42.0,112.0,28169.095238095237,69022.57652738351,-26.59523809523809,34.75282723982957,7.452380952380952,9.931969521854313,4.214285714285715,4.975725044780344,4.214285714285715,4.975725044780344,2.166666666666667,2.448659829243252,0.0,0.0,0.0,0.0,1.0,0.0
6000.0,0.770211657,-1.9925430649891497E-13,6000.0,94.0,19.237119816219508,-94.59459459459448,-97.80219780219804,6000.0,-1.0,42.0,140.0,41510.11904761905,95641.05945012101,-36.42857142857143,54.746040220828995,10.261904761904763,15.643996002221993,5.619047619047619,7.830373572848237,5.619047619047619,7.830373572848237,2.4761904761904754,2.787061528354535,0.0,0.0,0.0,0.0,1.0,0.0
7000.0,0.850570129,-2.2004310067536102E-13,7000.0,94.65714285714286,19.113248866720525,-91.794871794872,-94.7916666666662,7000.0,-1.0,42.0,162.0,52106.07142857142,123228.5251439013,-41.26190476190475,64.71327361252284,11.64285714285714,18.491687557137702,6.309523809523809,9.253840587635521,6.309523809523809,9.253840587635521,2.5238095238095237,2.8131927460180446,0.0,0.0,0.0,0.0,1.0,0.0
8000.0,0.939473106,-2.43042364406089E-13,8000.0,94.89999999999999,18.409076990184754,-79.73568281938317,-82.95964125560566,8000.0,-1.0,42.0,192.0,65370.85714285715,172379.54171742886,-49.42857142857143,81.78142876345665,13.976190476190476,23.368196122328616,7.476190476190476,11.691644077336882,7.476190476190476,11.691644077336882,2.761904761904761,3.0428606871561157,0.0,0.0,0.0,0.0,1.0,0.0
9000.0,1.038093396,-2.6855550395945706E-13,9000.0,95.12222222222222,17.923367722008766,-72.15686274509821,-76.30522088353456,9000.0,-1.0,42.0,217.0,82288.42857142854,234969.4518088954,-56.5952380952381,100.51114718516803,16.023809523809526,28.71940628440441,8.500000000000004,14.366712881671655,8.500000000000004,14.366712881671655,2.9047619047619047,3.2893733097956948,0.0,0.0,0.0,0.0,1.0,0.0
10000.0,1.161518826,-3.004857509707411E-13,10000.0,95.26,17.637195320611156,-68.68327402135222,-72.36363636363656,10000.0,-1.0,42.0,241.0,102138.64285714287,268333.97684127645,-69.33333333333331,120.02167825869009,19.666666666666664,34.29190807391145,10.333333333333332,17.145954036955725,10.333333333333332,17.145954036955725,3.1904761904761907,3.380273442814911,0.0,0.0,0.0,0.0,1.0,0.0
11000.0,1.262807408,-3.266891795727942E-13,11000.0,95.14545454545454,18.231643045624818,-70.60702875399399,-73.94136807817611,11000.0,-1.0,42.0,267.0,123390.33333333333,292459.317365236,-77.26190476190477,131.0384526554407,21.928571428571427,37.441592144293914,11.45238095238095,18.728095993951246,11.45238095238095,18.728095993951246,3.4523809523809517,3.683863169464313,0.0,0.0,0.0,0.0,1.0,0.0
12000.0,1.390624314,-3.597555045659344E-13,12000.0,95.29166666666666,18.325051597967818,-67.65578635014839,-70.69486404833873,12000.0,-1.0,42.0,292.0,145149.8333333333,341017.0797555037,-86.92857142857143,148.94841026295185,24.690476190476186,42.558704417767835,12.833333333333332,21.286565861567755,12.833333333333332,21.286565861567755,3.619047619047619,3.818775061886583,0.0,0.0,0.0,0.0,1.0,0.0
13000.0,1.500586253,-3.8820273682682055E-13,13000.0,95.38461538461539,18.509841712680817,-64.38356164383524,-67.13091922005563,13000.0,-1.0,42.0,315.0,167277.30952380953,418828.7317573703,-96.0952380952381,169.8722345597778,27.309523809523814,48.536879664566314,14.14285714285715,24.27542311160378,14.14285714285715,24.27542311160378,3.8571428571428568,3.904790232468561,0.0,0.0,0.0,0.0,1.0,0.0
14000.0,1.607831999,-4.1594728801606433E-13,14000.0,95.13571428571429,17.891285616291324,-69.82543640897711,-72.40506329113889,14000.0,-1.0,42.0,342.0,194586.99999999994,491277.98295277415,-106.33333333333331,187.8612184522766,30.238095238095237,53.6746338435076,15.619047619047619,26.8373169217538,15.619047619047619,26.8373169217538,4.071428571428571,4.128383946166906,0.0,0.0,0.0,0.0,1.0,0.0
15000.0,1.757784428,-4.5474008863998786E-13,15000.0,95.02000000000001,17.367549141419072,-68.6230248306998,-72.91666666666623,15000.0,-1.0,42.0,366.0,225681.28571428574,562804.8658955618,-121.76190476190477,210.60363991988103,34.642857142857146,60.1744704916853,17.80952380952381,30.094354138064237,17.80952380952381,30.094354138064237,4.476190476190476,4.209386116172884,0.0,0.0,0.0,0.0,1.0,0.0
16000.0,1.88092617,-4.865969453627864E-13,16000.0,94.95625,17.537440090586188,-69.53781512605019,-73.54838709677432,16000.0,-1.0,42.0,388.0,254097.40476190465,648680.8937539455,-133.42857142857144,231.77355884223988,37.97619047619047,66.22301128881075,19.476190476190474,33.11858817483833,19.476190476190474,33.11858817483833,4.6190476190476195,4.3051437241376735,0.0,0.0,0.0,0.0,1.0,0.0
17000.0,1.977677757,-5.116266501136124E-13,17000.0,95.12941176470588,17.1915048226124,-68.63543788187366,-72.86012526096054,17000.0,-1.0,42.0,409.0,283647.95238095237,739150.1989761193,-142.59523809523807,249.91804115318357,40.5952380952381,71.40713209026507,20.78571428571429,35.7105816894559,20.78571428571429,35.7105816894559,4.690476190476191,4.375586902727647,0.0,0.0,0.0,0.0,1.0,0.0
18000.0,2.106461736,-5.449431575834751E-13,18000.0,95.19444444444444,17.179216674967357,-66.66666666666629,-70.6114398422089,18000.0,-1.0,42.0,430.0,312880.61904761905,830604.5385448276,-153.5952380952381,272.8936234741823,43.73809523809525,77.97155814276266,22.35714285714286,38.99269564404146,22.35714285714286,38.99269564404146,4.857142857142858,4.507832904100283,0.0,0.0,0.0,0.0,1.0,0.0
19000.0,2.185619823,-5.654214113019407E-13,19000.0,95.30526315789474,16.901494635566813,-67.35459662288952,-71.20921305182368,19000.0,-1.0,42.0,454.0,342049.54761904763,946534.2895454848,-159.92857142857142,287.43452216046825,45.547619047619044,82.12607867827886,23.26190476190476,41.069874737056814,23.26190476190476,41.069874737056814,4.880952380952381,4.575664051246796,0.0,0.0,0.0,0.0,1.0,0.0
20000.0,2.274955048,-5.885324978993999E-13,20000.0,95.205,16.258740930522613,-72.79279279279264,-76.61141804788227,20000.0,-1.0,42.0,475.0,371122.45238095225,968261.2276743926,-166.5952380952381,293.78389764137273,47.452380952380956,83.94022332442161,24.214285714285715,41.97707604028639,24.214285714285715,41.97707604028639,4.976190476190477,4.703336103173925,0.0,0.0,0.0,0.0,1.0,0.0
21000.0,2.38291995,-6.164630952601633E-13,21000.0,95.25714285714287,16.55529934888731,-71.42857142857154,-75.04393673110724,21000.0,-1.0,42.0,500.0,406672.2619047619,1073693.6021043924,-177.59523809523807,319.6604951693173,50.59523809523809,91.33349758795643,25.78571428571428,45.67356908423061,25.78571428571428,45.67356908423061,5.07142857142857,4.82570786993919,0.0,0.0,0.0,0.0,1.0,0.0
22000.0,2.57916327,-6.67231382491688E-13,22000.0,94.93181818181819,16.849044541963558,-66.16989567809249,-68.17496229260934,22000.0,-1.0,42.0,527.0,452329.9285714285,1148691.4692185763,-199.0,349.74917841916084,56.71428571428572,99.92833669118883,28.85714285714286,49.964168345594416,28.85714285714286,49.964168345594416,5.404761904761905,4.978292016881154,0.0,0.0,0.0,0.0,1.0,0.0
23000.0,2.722975224,-7.044356378416221E-13,23000.0,94.72608695652174,16.589691240443578,-62.382864792503575,-63.037634408602194,23000.0,-1.0,42.0,552.0,492150.07142857154,1176500.0398027708,-216.59523809523807,366.21951697160756,61.738095238095255,104.63620124468173,31.35714285714286,52.32535244707676,31.35714285714286,52.32535244707676,5.571428571428571,5.02745077788354,0.0,0.0,0.0,0.0,1.0,0.0
24000.0,2.806774575,-7.26114589876185E-13,24000.0,94.63333333333334,16.01913759543824,-64.91677336747739,-65.76576576576547,24000.0,-1.0,42.0,572.0,519386.5,1224502.6759154152,-224.26190476190473,377.8065100036809,63.92857142857143,107.94677840788542,32.45238095238095,53.98066608764633,32.45238095238095,53.98066608764633,5.595238095238097,5.022192329609304,0.0,0.0,0.0,0.0,1.0,0.0
25000.0,2.938946593,-7.603075854583748E-13,25000.0,94.56,15.335310270439347,-67.28167281672822,-68.52540272614635,25000.0,-1.0,42.0,597.0,562147.1428571428,1322928.4255222979,-237.09523809523813,397.35324393362646,67.59523809523812,113.53157066537398,34.28571428571429,56.773098109840255,34.28571428571429,56.773098109840255,5.7142857142857135,5.147984281277356,0.0,0.0,0.0,0.0,1.0,0.0
26000.0,3.069247779,-7.940165954641999E-13,26000.0,94.4423076923077,15.109313084535803,-66.28308400460317,-67.43916570104263,26000.0,-1.0,42.0,621.0,602490.7380952381,1447701.5166490145,-252.2619047619048,429.46160619580814,71.92857142857144,122.70535656448224,36.45238095238096,61.359875020126,36.45238095238096,61.359875020126,5.857142857142859,5.063361597004593,0.0,0.0,0.0,0.0,1.0,0.0
27000.0,3.211327836,-8.307728078216316E-13,27000.0,94.36296296296295,15.214943858217623,-66.33879781420791,-67.43674367436776,27000.0,-1.0,42.0,647.0,644894.2857142858,1609935.9096864737,-267.42857142857144,472.8815735238552,76.26190476190477,135.11098590920193,38.61904761904762,67.5624200569288,38.61904761904762,67.5624200569288,5.928571428571429,5.157957892104659,0.0,0.0,0.0,0.0,1.0,0.0
28000.0,3.363409144,-8.701163509653676E-13,28000.0,94.40357142857142,14.91455735207959,-65.820105820106,-66.52497343251864,28000.0,-1.0,42.0,675.0,696385.4999999999,1775282.8256949994,-284.76190476190476,510.33063455189233,81.2142857142857,145.8106917880896,41.0952380952381,72.9121788896048,41.0952380952381,72.9121788896048,6.119047619047619,5.241496625557045,0.0,0.0,0.0,0.0,1.0,0.0
29000.0,3.6129438,-9.346711449325086E-13,29000.0,94.34827586206896,14.72680967862105,-64.72361809045226,-65.38849646821406,29000.0,-1.0,42.0,704.0,763429.5952380951,1979566.8063127403,-310.7619047619048,559.2478315111663,88.64285714285714,159.78702615739175,44.80952380952381,79.90031536164088,44.80952380952381,79.90031536164088,6.30952380952381,5.344192632162802,0.0,0.0,0.0,0.0,1.0,0.0
30000.0,3.818102956,-9.877459653135803E-13,30000.0,94.22,14.437303638176264,-64.36018957345955,-64.67236467236447,30000.0,-1.0,42.0,730.0,817655.0476190476,2147432.076106681,-333.095238095238,605.4893529717406,95.02380952380953,172.99887044538028,48.0,86.5061678331131,48.0,86.5061678331131,6.595238095238095,5.464115860507531,0.0,0.0,0.0,0.0,1.0,0.0
31000.0,3.930352967,-1.0167851234372292E-12,31000.0,94.19032258064516,14.324931066027752,-63.876251137397524,-64.02550091074667,31000.0,-1.0,42.0,756.0,865561.5714285715,2395390.0164058534,-343.0,637.6875142682806,97.85714285714286,182.1964326480802,49.42857142857143,91.0982163240401,49.42857142857143,91.0982163240401,6.7142857142857135,5.509573549455903,0.0,0.0,0.0,0.0,1.0,0.0
32000.0,4.071698541,-1.0533513245172798E-12,32000.0,94.109375,14.08771968554842,-63.20346320346317,-62.78065630397233,32000.0,-1.0,42.0,782.0,920343.5238095239,2655005.57675389,-358.0952380952381,679.9785078929211,102.16666666666666,194.2814047397287,51.57142857142857,97.14714583687405,51.57142857142857,97.14714583687405,6.785714285714287,5.56353859270104,0.0,0.0,0.0,0.0,1.0,0.0
33000.0,4.178451188,-1.0809683106425736E-12,33000.0,94.03939393939395,14.46249447032478,-61.36177194421643,-60.440456769983506,33000.0,-1.0,42.0,802.0,957552.6190476189,2858960.694621821,-367.7619047619048,715.3325615651141,104.92857142857144,204.38251952090786,52.95238095238095,102.19754958184791,52.95238095238095,102.19754958184791,6.80952380952381,5.544666060181756,0.0,0.0,0.0,0.0,1.0,0.0
34000.0,4.305058226,-1.1137216419188513E-12,34000.0,93.93529411764706,14.29677113317505,-60.967993754878854,-60.21756021756038,34000.0,-1.0,42.0,824.0,1007488.023809524,3142756.768302985,-379.7619047619048,765.8767910056822,108.35714285714286,218.82366455035753,54.66666666666667,109.41789809151074,54.66666666666667,109.41789809151074,6.880952380952382,5.592688523823438,0.0,0.0,0.0,0.0,1.0,0.0
35000.0,4.420932877,-1.1436984970027375E-12,35000.0,93.80857142857143,14.401472342076756,-61.837191934279176,-60.876020786934106,35000.0,-1.0,42.0,844.0,1057388.1666666667,3434964.3825667733,-389.42857142857144,808.5871491066058,111.11904761904765,231.0265745859651,56.04761904761906,115.51917851140085,56.04761904761906,115.51917851140085,6.880952380952382,5.592688523823438,0.0,0.0,0.0,0.0,1.0,0.0
36000.0,4.530967051,-1.1721644165097841E-12,36000.0,93.64444444444445,14.634514765960253,-62.38466997870861,-61.467889908257135,36000.0,-1.0,42.0,869.0,1107455.0476190478,3731922.1236247616,-400.4285714285715,851.9490177938236,114.26190476190474,243.41563966866997,57.61904761904763,121.71356867281004,57.61904761904763,121.71356867281004,6.9523809523809526,5.543409098803868,0.0,0.0,0.0,0.0,1.0,0.0
37000.0,4.688455747,-1.212906854796327E-12,37000.0,93.50810810810812,14.59657321560807,-61.96898179366129,-60.347129506008045,37000.0,-1.0,42.0,885.0,1155133.1904761903,3906859.460395419,-419.59523809523813,908.1430278327095,119.73809523809524,259.4710435015738,60.35714285714286,129.74117225076813,60.35714285714286,129.74117225076813,7.000000000000001,5.587442366156625,0.0,0.0,0.0,0.0,1.0,0.0
38000.0,4.840355648,-1.2522034678194259E-12,38000.0,93.47894736842105,14.569522670862076,-60.59624108878828,-58.948043617703696,38000.0,-1.0,42.0,907.0,1215733.4761904762,4226242.642948809,-437.92857142857144,959.5483793610902,124.97619047619048,274.1582672779373,62.97619047619049,137.08471443408644,62.97619047619049,137.08471443408644,7.023809523809525,5.580838713251058,0.0,0.0,0.0,0.0,1.0,0.0
39000.0,5.097925627,-1.3188370055932967E-12,39000.0,93.38461538461539,14.661074702550394,-59.752321981424025,-58.08823529411748,39000.0,-1.0,42.0,930.0,1294121.7142857143,4319125.94504969,-473.16666666666663,1009.1855184103196,135.04761904761907,288.3387195458056,68.02380952380953,144.1693597729028,68.02380952380953,144.1693597729028,7.26190476190476,5.6225136458727745,0.0,0.0,0.0,0.0,1.0,0.0
40000.0,5.300499249,-1.3712429464794696E-12,40000.0,93.32000000000001,14.749228210517245,-59.71309025702324,-58.20011841326238,40000.0,-1.0,42.0,956.0,1362900.2142857143,4367461.026693692,-496.2619047619048,1032.569186473633,141.64285714285714,295.0214396036057,71.3095238095238,147.51659486560595,71.3095238095238,147.51659486560595,7.357142857142856,5.634481942431078,0.0,0.0,0.0,0.0,1.0,0.0
41000.0,5.490370787,-1.4203628491506808E-12,41000.0,93.37560975609756,14.7470800438531,-59.29618768328419,-57.906976744185776,41000.0,-1.0,42.0,975.0,1424931.1428571425,4426355.44174482,-512.0952380952381,1049.1314830645674,146.16666666666669,299.7535505326176,73.57142857142856,149.88274162469068,73.57142857142856,149.88274162469068,7.404761904761906,5.648481444145394,0.0,0.0,0.0,0.0,1.0,0.0
42000.0,5.672809504,-1.4675598757134544E-12,42000.0,93.39047619047619,14.554914297242158,-59.08309455587389,-57.90671217292393,42000.0,-1.0,42.0,998.0,1503158.2142857143,4518472.046365558,-530.5000000000001,1073.0713669353895,151.42857142857144,306.59181912439703,76.21428571428572,153.29590956219852,76.21428571428572,153.29590956219852,7.452380952380954,5.810849318520932,0.0,0.0,0.0,0.0,1.0,0.0
43000.0,5.844260465,-1.5119143619409037E-12,43000.0,93.43953488372094,14.600680829057728,-58.0392156862746,-56.98386199220935,43000.0,-1.0,42.0,1018.0,1575352.9523809524,4621477.010346589,-551.0,1102.1112555056295,157.28571428571428,314.8889301444656,79.14285714285714,157.4444650722328,79.14285714285714,157.4444650722328,7.595238095238095,5.785008058301295,0.0,0.0,0.0,0.0,1.0,0.0
44000.0,6.05879822,-1.5674154325905772E-12,44000.0,93.37045454545455,14.855985361927088,-56.74368619022005,-55.65635005336155,44000.0,-1.0,42.0,1043.0,1651093.0476190478,4752728.070167891,-574.2619047619049,1133.0492435324486,163.9285714285714,323.7301189192479,82.45238095238095,161.87125302279094,82.45238095238095,161.87125302279094,7.857142857142857,5.92872885060298,0.0,0.0,0.0,0.0,1.0,0.0
45000.0,6.185142522,-1.6001007938757537E-12,45000.0,93.34444444444443,14.674855010562707,-57.21784776902895,-56.39686684073111,45000.0,-1.0,42.0,1066.0,1724709.357142857,4953437.252099763,-587.2619047619047,1154.7981781124756,167.64285714285714,329.9441062368263,84.3095238095238,164.97826731897928,84.3095238095238,164.97826731897928,7.880952380952382,5.906599785161287,0.0,0.0,0.0,0.0,1.0,0.0
46000.0,6.363602388,-1.6462684888392686E-12,46000.0,93.28695652173913,14.654212090531432,-58.11571940604219,-57.23014256619157,46000.0,-1.0,42.0,1090.0,1799927.523809524,5097123.920567612,-607.5952380952381,1192.9698963659173,173.45238095238096,340.85031421653383,87.21428571428571,170.43138032855586,87.21428571428571,170.43138032855586,7.928571428571429,5.973081311051446,0.0,0.0,0.0,0.0,1.0,0.0
47000.0,6.534963204,-1.6905996544907489E-12,47000.0,93.22765957446808,14.581497528218534,-58.59491778774295,-57.7304261645194,47000.0,-1.0,42.0,1115.0,1880608.5952380951,5155218.570234139,-628.7619047619049,1222.386386750669,179.5,349.2550434365317,90.23809523809524,174.63380634411718,90.23809523809524,174.63380634411718,7.928571428571429,5.973081311051446,0.0,0.0,0.0,0.0,1.0,0.0
48000.0,6.713154559,-1.7366978854665324E-12,48000.0,93.05833333333334,14.765075315764637,-60.2693602693604,-59.19732441471576,48000.0,-1.0,42.0,1135.0,1942681.261904762,5269018.272046229,-649.4285714285716,1265.4045365474958,185.40476190476187,361.54593942988015,93.1904761904762,180.77923986349032,93.1904761904762,180.77923986349032,7.976190476190477,6.022268008220318,0.0,0.0,0.0,0.0,1.0,0.0
49000.0,6.851571902,-1.7725065510926974E-12,49000.0,93.08979591836734,14.800009282369498,-59.71698113207562,-59.19134931828853,49000.0,-1.0,42.0,1157.0,2012874.6904761903,5370090.1341847535,-663.3333333333334,1289.8500322483453,189.38095238095238,368.5285806423843,95.19047619047619,184.26429032119216,95.19047619047619,184.26429032119216,8.023809523809524,6.0787037098465495,0.0,0.0,0.0,0.0,1.0,0.0
50000.0,6.946523796,-1.7970706739773353E-12,50000.0,93.17,14.744581807219639,-58.32174316179902,-59.05915230554276,50000.0,-1.0,42.0,1178.0,2070519.0952380951,5411314.502924553,-669.9285714285713,1294.5421149798278,191.26190476190482,369.87097681349144,96.11904761904763,184.94181054287242,96.11904761904763,184.94181054287242,8.071428571428573,6.118316591139075,0.0,0.0,0.0,0.0,1.0,0.0
51000.0,7.051861939,-1.824321726906217E-12,51000.0,93.23921568627452,14.83313626234715,-56.656065424806975,-58.82081989866394,51000.0,-1.0,42.0,1201.0,2138451.142857143,5559805.427394527,-682.7619047619047,1318.0536613215384,194.92857142857144,376.58856327965054,97.95238095238096,188.3006097396903,97.95238095238096,188.3006097396903,8.095238095238098,6.155741019804489,0.0,0.0,0.0,0.0,1.0,0.0
52000.0,7.242506649,-1.8736416497267786E-12,52000.0,93.05192307692309,15.498361362840694,-55.867126833477045,-55.93439792835535,52000.0,-1.0,42.0,1227.0,2230009.3333333335,5819077.436492818,-705.0952380952382,1360.2404882337644,201.30952380952385,388.64194368967645,101.14285714285718,194.32730391094344,101.14285714285718,194.32730391094344,8.166666666666666,6.187779721853297,0.0,0.0,0.0,0.0,1.0,0.0
53000.0,7.409725633,-1.916901320477741E-12,53000.0,92.8377358490566,15.76102518113847,-56.85950413223133,-56.278303828736206,53000.0,-1.0,42.0,1253.0,2310249.2857142854,6108473.4358429555,-723.5000000000001,1400.4775709840083,206.5714285714286,400.13644885257384,103.7857142857143,200.06822442628692,103.7857142857143,200.06822442628692,8.309523809523812,6.114708756952052,0.0,0.0,0.0,0.0,1.0,0.0
54000.0,7.545534267,-1.952035111219933E-12,54000.0,92.77222222222223,15.556054617902559,-56.68406262545162,-55.99520383693043,54000.0,-1.0,42.0,1276.0,2379869.30952381,6384292.604403161,-738.0952380952381,1435.9380856535668,210.7380952380952,410.2698136309461,105.85714285714285,205.1411853415714,105.85714285714285,205.1411853415714,8.380952380952381,6.0685208586863455,0.0,0.0,0.0,0.0,1.0,0.0
55000.0,7.674440681,-1.9853832927118575E-12,55000.0,92.63818181818182,15.237375731948488,-57.60996496691312,-56.998836758433455,55000.0,-1.0,42.0,1294.0,2437492.9047619044,6626703.075789008,-749.9285714285714,1466.4126194162661,214.1190476190476,418.9768142127335,107.54761904761905,209.49465356481434,107.54761904761905,209.49465356481434,8.380952380952381,6.0685208586863455,0.0,0.0,0.0,0.0,1.0,0.0
56000.0,7.791225689,-2.0155956578027046E-12,56000.0,92.5375,15.163397824676043,-58.83694412770819,-57.817220543806826,56000.0,-1.0,42.0,1310.0,2494989.285714286,6880789.15717869,-760.9285714285714,1499.3923385883434,217.26190476190473,428.39957752727963,109.1190476190476,214.20598729772425,109.1190476190476,214.20598729772425,8.404761904761905,6.105014028107667,0.0,0.0,0.0,0.0,1.0,0.0
57000.0,7.94491699,-2.055355707286961E-12,57000.0,92.51052631578948,14.889595716608095,-59.23162998881022,-58.228317272053296,57000.0,-1.0,42.0,1335.0,2583665.8095238092,7168282.805336988,-779.9285714285714,1548.727729505536,222.69047619047623,442.4953899771016,111.83333333333337,221.25384567876392,111.83333333333337,221.25384567876392,8.428571428571427,6.0733036661773125,0.0,0.0,0.0,0.0,1.0,0.0
58000.0,8.132586086,-2.1039058366376498E-12,58000.0,92.41896551724138,14.836497000773821,-59.484947406601286,-58.393371757924996,58000.0,-1.0,42.0,1355.0,2662073.6904761908,7316781.838451411,-802.2619047619049,1600.095241975116,229.0714285714285,457.1718144683144,115.02380952380952,228.59203068447212,115.02380952380952,228.59203068447212,8.5952380952381,6.008366215209783,0.0,0.0,0.0,0.0,1.0,0.0
59000.0,8.300107782,-2.147243819199503E-12,59000.0,92.38813559322034,14.813222213202623,-60.04989308624352,-58.97345132743336,59000.0,-1.0,42.0,1375.0,2745219.523809524,7320939.557932822,-817.7619047619048,1610.451244285487,233.5,460.1306945831379,117.23809523809521,230.07154873592435,117.23809523809521,230.07154873592435,8.85714285714286,6.018554354301324,0.0,0.0,0.0,0.0,1.0,0.0
60000.0,8.450075772,-2.186040645465255E-12,60000.0,92.355,14.647424036649342,-61.230228471001816,-60.10471204188499,60000.0,-1.0,42.0,1402.0,2841065.761904761,7361719.758243311,-831.4285714285716,1618.0416368795823,237.40476190476193,462.2993993192264,119.19047619047619,231.15597501499624,119.19047619047619,231.15597501499624,8.85714285714286,6.018554354301324,0.0,0.0,0.0,0.0,1.0,0.0
61000.0,8.545380816,-2.2106961285074555E-12,61000.0,92.29016393442623,14.435043718200829,-63.241929885456386,-62.06064782908361,61000.0,-1.0,42.0,1425.0,2932530.047619048,7446457.327625336,-839.0952380952378,1623.796662290133,239.5952380952381,463.9437024048946,120.28571428571429,231.9781618942154,120.28571428571429,231.9781618942154,8.904761904761909,6.067946668453529,0.0,0.0,0.0,0.0,1.0,0.0
62000.0,8.680185215,-2.245570122936948E-12,62000.0,92.23225806451613,14.184526994741864,-63.86526029261657,-62.64775413711576,62000.0,-1.0,42.0,1448.0,3023187.1904761908,7573984.974274463,-851.4285714285716,1635.6623502550308,243.11904761904765,467.3339121891302,122.04761904761905,233.67331295917114,122.04761904761905,233.67331295917114,8.92857142857143,6.098351865084801,0.0,0.0,0.0,0.0,1.0,0.0
63000.0,8.853822452,-2.2904902003291585E-12,63000.0,92.16984126984127,14.416275815260471,-63.18226926893805,-61.420157068062885,63000.0,-1.0,42.0,1472.0,3122263.1190476194,7768330.903135852,-873.4999999999999,1671.1659760515097,249.42857142857147,477.4759931575742,125.21428571428574,238.7379965787871,125.21428571428574,238.7379965787871,8.97619047619048,6.17029902124803,0.0,0.0,0.0,0.0,1.0,0.0
64000.0,9.014424708,-2.332038118814429E-12,64000.0,92.025,14.737102996267215,-63.852327447832934,-61.826252377932576,64000.0,-1.0,42.0,1497.0,3216017.571428572,8004027.776219232,-894.5952380952382,1726.3720038237782,255.45238095238096,493.25094797386816,128.21428571428572,246.63180177057316,128.21428571428572,246.63180177057316,8.97619047619048,6.17029902124803,0.0,0.0,0.0,0.0,1.0,0.0
65000.0,9.150119881,-2.367142557114777E-12,65000.0,91.97692307692307,14.985072572551772,-62.91783817557016,-60.215053763440665,65000.0,-1.0,42.0,1512.0,3283065.714285715,8210665.309279009,-907.7619047619047,1764.4014643197972,259.2142857142857,504.1164952335427,130.09523809523807,252.06453001928764,130.09523809523807,252.06453001928764,9.000000000000004,6.140628393997696,0.0,0.0,0.0,0.0,1.0,0.0
66000.0,9.298949841,-2.405644974205643E-12,66000.0,91.89848484848486,15.258723388427454,-61.883136542537166,-58.90044576523014,66000.0,-1.0,42.0,1534.0,3369133.547619048,8565306.384354962,-925.0952380952382,1817.5776402985805,264.1666666666667,519.3096691958713,132.57142857142856,259.6610494994921,132.57142857142856,259.6610494994921,9.047619047619047,6.223293696805696,0.0,0.0,0.0,0.0,1.0,0.0
67000.0,9.433792687,-2.4405289149015316E-12,67000.0,91.8686567164179,15.474090002911744,-61.04049660065037,-58.18815331010475,67000.0,-1.0,42.0,1551.0,3438174.3095238092,8864336.73889525,-938.8333333333335,1860.6087243704014,268.0952380952381,531.6024926772575,134.54761904761907,265.80124633862874,134.54761904761907,265.80124633862874,9.071428571428575,6.2211004325870265,0.0,0.0,0.0,0.0,1.0,0.0
68000.0,9.571199363,-2.476076120251997E-12,68000.0,91.78382352941176,15.891269148625092,-61.14796654167858,-58.04809052333795,68000.0,-1.0,42.0,1574.0,3524019.285714286,9252834.103138126,-954.2619047619048,1909.9813312779866,272.5,545.7106912426999,136.73809523809524,272.8614460807151,136.73809523809524,272.8614460807151,9.095238095238093,6.199171950249264,0.0,0.0,0.0,0.0,1.0,0.0
69000.0,9.707107991,-2.511235779513502E-12,69000.0,91.6855072463768,16.413325403445967,-60.56535124545197,-56.96306429548562,69000.0,-1.0,42.0,1591.0,3607376.357142857,9643535.545704477,-968.4285714285714,1957.4853847114377,276.54761904761904,559.2832609418974,138.76190476190476,279.6476711449091,138.76190476190476,279.6476711449091,9.119047619047624,6.181018863650156,0.0,0.0,0.0,0.0,1.0,0.0
70000.0,9.836532994,-2.5447181203506062E-12,70000.0,91.59428571428572,16.91072845736949,-59.934764881761296,-55.66137566137548,70000.0,-1.0,42.0,1606.0,3674628.1904761908,9967597.216391336,-980.4285714285716,1999.812200242046,279.9761904761905,571.3766212593222,140.47619047619045,285.69429662945146,140.47619047619045,285.69429662945146,9.142857142857142,6.16271807538322,0.0,0.0,0.0,0.0,1.0,0.0
71000.0,9.942384749,-2.5721020450712083E-12,71000.0,91.55774647887324,17.05487913514389,-59.457302474062324,-55.204557224236275,71000.0,-1.0,42.0,1615.0,3717822.880952382,1.0180115747496106E7,-989.595238095238,2033.112980910678,282.5952380952381,580.891117773786,141.78571428571428,290.4515018258504,141.78571428571428,290.4515018258504,9.142857142857142,6.16271807538322,0.0,0.0,0.0,0.0,1.0,0.0
72000.0,10.06384282,-2.603523334902194E-12,72000.0,91.5125,17.37468335900662,-58.68605556998185,-54.162462159435066,72000.0,-1.0,42.0,1632.0,3788937.1428571427,1.0536878928798033E7,-1001.5952380952381,2075.365992518814,286.0238095238096,592.9633924494274,143.50000000000003,296.48758868442104,143.50000000000003,296.48758868442104,9.166666666666666,6.148236577111366,0.0,0.0,0.0,0.0,1.0,0.0
73000.0,10.190305309,-2.6362392712487946E-12,73000.0,91.47808219178081,17.48240088471765,-58.49681528662439,-54.09957889521927,73000.0,-1.0,42.0,1647.0,3852099.190476191,1.086071724887643E7,-1012.9285714285713,2113.8029350987417,289.2619047619048,603.9453641709657,145.11904761904762,301.97853278417904,145.11904761904762,301.97853278417904,9.238095238095237,6.159701940086751,0.0,0.0,0.0,0.0,1.0,0.0
74000.0,10.345154806,-2.676298946866559E-12,74000.0,91.4,17.207986127756378,-58.90137328339576,-54.31619786614916,74000.0,-1.0,42.0,1666.0,3941025.8095238092,1.1326780309544468E7,-1024.2619047619048,2155.7790178112664,292.5,615.9385164913467,146.73809523809527,307.9750591361936,146.73809523809527,307.9750591361936,9.238095238095237,6.159701940086751,0.0,0.0,0.0,0.0,1.0,0.0
75000.0,10.462990199,-2.7067830473081108E-12,75000.0,91.39866666666666,17.198062458792283,-58.77430470096009,-54.29323128438167,75000.0,-1.0,42.0,1682.0,4017459.714285715,1.1734220566628976E7,-1036.595238095238,2203.4775515027995,296.0238095238095,629.5666526675212,148.49999999999997,314.7890699128313,148.49999999999997,314.7890699128313,9.285714285714286,6.165544362197871,0.0,0.0,0.0,0.0,1.0,0.0
76000.0,10.61410592,-2.745876792404387E-12,76000.0,91.37894736842105,17.446537750380276,-58.14627081824762,-53.80281690140857,76000.0,-1.0,42.0,1710.0,4133834.9761904757,1.2368064730353532E7,-1052.095238095238,2266.4889017879595,300.4523809523809,647.5698738974495,150.71428571428572,323.79060425018025,150.71428571428572,323.79060425018025,9.30952380952381,6.1663449079507,0.0,0.0,0.0,0.0,1.0,0.0
77000.0,10.753245881,-2.7818723998239474E-12,77000.0,91.34155844155845,17.589631627889574,-58.023228253140346,-53.688335638542995,77000.0,-1.0,42.0,1730.0,4221204.142857143,1.285135428186412E7,-1065.5952380952383,2318.1459692199965,304.30952380952385,662.3290202962551,152.64285714285717,331.1701221816122,152.64285714285717,331.1701221816122,9.333333333333336,6.151211130662297,0.0,0.0,0.0,0.0,1.0,0.0
78000.0,10.861403276,-2.809852795261476E-12,78000.0,91.33333333333333,17.445326786743152,-57.907031067507496,-53.63636363636358,78000.0,-1.0,42.0,1747.0,4309154.476190477,1.3344297617155854E7,-1074.0952380952378,2352.5227124641533,306.73809523809524,672.1509361388862,153.85714285714286,336.0810421594094,153.85714285714286,336.0810421594094,9.333333333333336,6.151211130662297,0.0,0.0,0.0,0.0,1.0,0.0
79000.0,10.992234424,-2.8436989068157145E-12,79000.0,91.34683544303797,17.555717642057218,-58.05780346820817,-53.79077615298099,79000.0,-1.0,42.0,1767.0,4412029.666666667,1.3929071126437658E7,-1083.9285714285713,2393.6627550716958,309.54761904761904,683.9052210179831,155.2619047619048,341.95813889606285,155.2619047619048,341.95813889606285,9.333333333333336,6.151211130662297,0.0,0.0,0.0,0.0,1.0,0.0
80000.0,11.124823283,-2.877999739462717E-12,80000.0,91.35375,17.613989288737724,-57.67038978801007,-53.40430250609896,80000.0,-1.0,42.0,1793.0,4529465.714285715,1.4603517030170405E7,-1096.595238095238,2446.742613667761,313.16666666666663,699.0708787354363,157.07142857142856,349.5409109561508,157.07142857142856,349.5409109561508,9.380952380952383,6.100589259633063,0.0,0.0,0.0,0.0,1.0,0.0
81000.0,11.264092662,-2.9140288274114334E-12,81000.0,91.32592592592592,17.507306570871307,-57.21637950324477,-52.938615585546536,81000.0,-1.0,42.0,1816.0,4636193.0476190485,1.522229604618684E7,-1110.9285714285713,2509.8268271119014,317.2619047619049,717.09492039396,159.11904761904765,358.5528639039228,159.11904761904765,358.5528639039228,9.404761904761907,6.144835324192194,0.0,0.0,0.0,0.0,1.0,0.0
82000.0,11.390018663,-2.9466059739287532E-12,82000.0,91.31585365853658,17.55579278813435,-56.471105251593116,-52.77837373954092,82000.0,-1.0,42.0,1831.0,4712970.785714285,1.5670185583672898E7,-1120.9285714285713,2553.1503389557975,320.11904761904765,729.4730541298354,160.54761904761904,364.74188684408466,160.54761904761904,364.74188684408466,9.404761904761907,6.144835324192194,0.0,0.0,0.0,0.0,1.0,0.0
83000.0,11.498229744,-2.9746002579728765E-12,83000.0,91.27951807228915,17.519991442071376,-55.221960111516154,-53.41246290801176,83000.0,-1.0,42.0,1847.0,4785922.6190476185,1.6099118638283512E7,-1131.0952380952383,2596.9300901540464,323.0238095238095,741.9815423414369,162.0,370.9960883364885,162.0,370.9960883364885,9.404761904761907,6.144835324192194,0.0,0.0,0.0,0.0,1.0,0.0
84000.0,11.614623982,-3.004711530585256E-12,84000.0,91.23571428571428,17.520303697089812,-54.24261470773095,-54.11346033075141,84000.0,-1.0,42.0,1863.0,4858632.476190476,1.6528504506092232E7,-1142.2619047619046,2645.962391742059,326.2142857142858,755.9907579675853,163.5952380952381,378.0006490847318,163.5952380952381,378.0006490847318,9.428571428571425,6.129269471223393,0.0,0.0,0.0,0.0,1.0,0.0
85000.0,11.743459843,-3.038041459965623E-12,85000.0,91.15529411764706,17.89448901560777,-54.53237410071948,-54.15214271068295,85000.0,-1.0,42.0,1883.0,4963149.285714286,1.715007681757923E7,-1153.2619047619048,2697.414082896973,329.3571428571429,770.691226691309,165.16666666666669,385.3508326546633,165.16666666666669,385.3508326546633,9.452380952380953,6.117557223918793,0.0,0.0,0.0,0.0,1.0,0.0
86000.0,11.890456034,-3.076069479704731E-12,86000.0,90.93837209302326,18.592487258908893,-55.8911782356471,-54.53103311520906,86000.0,-1.0,42.0,1902.0,5066285.452380952,1.7765580432430424E7,-1170.2619047619048,2774.647857766985,334.21428571428567,792.7579994201252,167.59523809523813,396.38414845639693,167.59523809523813,396.38414845639693,9.500000000000004,6.1017790288630716,0.0,0.0,0.0,0.0,1.0,0.0
87000.0,12.02909419,-3.111935269811915E-12,87000.0,90.78620689655172,18.535503968632703,-58.075330309603515,-56.44028103044509,87000.0,-1.0,42.0,1926.0,5193815.976190477,1.8533450582915764E7,-1182.9285714285716,2829.26432213917,337.8333333333333,808.3626907752474,169.40476190476187,404.1864493404371,169.40476190476187,404.1864493404371,9.571428571428573,6.141195788629907,0.0,0.0,0.0,0.0,1.0,0.0
88000.0,12.180810011,-3.1511842612073654E-12,88000.0,90.6625,18.387130255312105,-59.58438531753728,-57.89777094542653,88000.0,-1.0,42.0,1950.0,5310380.88095238,1.9238166388212692E7,-1196.095238095238,2889.432426412848,341.59523809523813,825.5535632715964,171.2857142857143,412.78183487839544,171.2857142857143,412.78183487839544,9.571428571428573,6.141195788629907,0.0,0.0,0.0,0.0,1.0,0.0
89000.0,12.322695181,-3.1878900561585197E-12,89000.0,90.58202247191012,18.445587980299337,-60.26768642447401,-58.65985235661546,89000.0,-1.0,42.0,1965.0,5406088.642857143,1.9819584933246374E7,-1207.595238095238,2939.6523111110732,344.8809523809524,839.9020907625861,172.92857142857142,419.95606000449,172.92857142857142,419.95606000449,9.595238095238095,6.1646495115671085,0.0,0.0,0.0,0.0,1.0,0.0
90000.0,12.450781213,-3.221026004240331E-12,90000.0,90.4,18.513010322175738,-62.19260371691391,-60.356347438752856,90000.0,-1.0,42.0,1982.0,5485877.976190477,2.0304406313113414E7,-1218.9285714285716,2993.52201728069,348.1190476190476,855.2934228325004,174.547619047619,427.651681969981,174.547619047619,427.651681969981,9.61904761904762,6.148378255150607,0.0,0.0,0.0,0.0,1.0,0.0
91000.0,12.602643542,-3.2603128973601596E-12,91000.0,90.36483516483517,18.58899121315186,-62.28021469553936,-60.32181385993767,91000.0,-1.0,42.0,2003.0,5598182.30952381,2.099099698242666E7,-1232.595238095238,3057.2570446480195,352.0238095238095,873.5034166684609,176.5,436.75662978200637,176.5,436.75662978200637,9.666666666666668,6.245648891932753,0.0,0.0,0.0,0.0,1.0,0.0
92000.0,12.737475447,-3.2951940076115234E-12,92000.0,90.3413043478261,18.78902192304615,-62.479429511793626,-60.39711191335747,92000.0,-1.0,42.0,2024.0,5717201.071428571,2.1722419062155105E7,-1243.7619047619046,3113.0901737233485,355.21428571428567,889.4557265806085,178.0952380952381,444.7327402167212,178.0952380952381,444.7327402167212,9.666666666666668,6.245648891932753,0.0,0.0,0.0,0.0,1.0,0.0
93000.0,12.884240965,-3.333162352080561E-12,93000.0,90.30860215053764,18.668386598677255,-63.42701722574795,-61.234347048300705,93000.0,-1.0,42.0,2049.0,5869127.404761904,2.2534169816505365E7,-1256.2619047619046,3156.814904989999,358.7857142857143,901.9485014695329,179.8809523809524,450.9791084004945,179.8809523809524,450.9791084004945,9.666666666666668,6.245648891932753,0.0,0.0,0.0,0.0,1.0,0.0
94000.0,13.064410615,-3.3797723693876636E-12,94000.0,90.13191489361702,18.485684372713486,-66.44536156468675,-64.20605416887925,94000.0,-1.0,42.0,2073.0,6014739.428571428,2.267568695537843E7,-1280.5952380952383,3195.9656280358404,365.7380952380952,913.1344318929598,183.35714285714286,456.5721069559267,183.35714285714286,456.5721069559267,9.738095238095237,6.320927393401993,0.0,0.0,0.0,0.0,1.0,0.0
95000.0,13.262737335,-3.4310796336891754E-12,95000.0,90.12105263157895,18.476058652030744,-66.4892673407842,-64.27446175389466,95000.0,-1.0,42.0,2094.0,6164108.214285715,2.3438935845347833E7,-1300.1666666666663,3272.3936485479417,371.33333333333337,934.9696138708404,186.16666666666669,467.4848069354202,186.16666666666669,467.4848069354202,9.761904761904761,6.362272656571875,0.0,0.0,0.0,0.0,1.0,0.0
96000.0,13.424454869,-3.4729160753906605E-12,96000.0,90.08749999999999,18.611246664595786,-65.92850915431575,-63.505154639175174,96000.0,-1.0,42.0,2114.0,6279363.285714285,2.409761577743767E7,-1319.0952380952378,3359.0582870909416,376.7380952380953,959.7323066691963,188.8571428571429,479.8709466466376,188.8571428571429,479.8709466466376,9.761904761904761,6.362272656571875,0.0,0.0,0.0,0.0,1.0,0.0
97000.0,13.609468351,-3.520779195500331E-12,97000.0,90.04432989690721,18.786481802342823,-65.78540772532187,-62.95983800202488,97000.0,-1.0,42.0,2137.0,6416809.476190477,2.489767996201381E7,-1340.0952380952383,3443.8039646306875,382.73809523809524,983.9453449902543,191.85714285714286,491.97742221785495,191.85714285714286,491.97742221785495,9.761904761904761,6.362272656571875,0.0,0.0,0.0,0.0,1.0,0.0
98000.0,13.791652548,-3.5679103775570795E-12,98000.0,90.01428571428572,18.9416993758774,-65.27613578787381,-62.20785678766776,98000.0,-1.0,42.0,2162.0,6558975.142857143,2.576952659469799E7,-1356.2619047619048,3519.7753466249064,387.35714285714283,1005.6514408866976,194.16666666666663,502.83042366124744,194.16666666666663,502.83042366124744,9.761904761904761,6.362272656571875,0.0,0.0,0.0,0.0,1.0,0.0
99000.0,14.020790102,-3.6271884266494053E-12,99000.0,89.98686868686868,19.139342164787003,-64.80465502909394,-61.31814483319785,99000.0,-1.0,42.0,2186.0,6726002.952380954,2.660265462910246E7,-1380.0,3590.1374659461503,394.14285714285717,1025.7535616989,197.57142857142858,512.87678084945,197.57142857142858,512.87678084945,9.761904761904761,6.362272656571875,0.0,0.0,0.0,0.0,1.0,0.0
100000.0,14.261284551,-3.689404512600353E-12,100000.0,89.959,19.322934994632806,-64.12226217718205,-60.501918158567904,100000.0,-1.0,42.0,2209.0,6884283.357142856,2.7467135358962417E7,-1403.095238095238,3665.38007751716,400.7380952380952,1047.2527837859889,200.8571428571428,523.6310640987589,200.8571428571428,523.6310640987589,9.880952380952381,6.4815023136291146,0.0,0.0,0.0,0.0,1.0,0.0
101000.0,14.451449775,-3.7386003920497996E-12,101000.0,89.94059405940594,19.339275285554844,-63.73892022562432,-60.0504095778199,101000.0,-1.0,42.0,2228.0,7010545.88095238,2.824219356631215E7,-1417.7619047619046,3729.131938547994,404.92857142857144,1065.4675921375883,202.95238095238096,532.738436363999,202.95238095238096,532.738436363999,9.952380952380956,6.484323990011079,0.0,0.0,0.0,0.0,1.0,0.0
102000.0,14.779739892,-3.8235292801012595E-12,102000.0,89.9313725490196,19.366934759510855,-63.71751952813649,-59.94393396667191,102000.0,-1.0,42.0,2255.0,7240165.642857143,2.8459220915736824E7,-1456.5000000000002,3790.6819596890737,416.0000000000001,1083.0519884825926,208.50000000000006,541.5259942412963,208.50000000000006,541.5259942412963,10.047619047619047,6.525568402314612,0.0,0.0,0.0,0.0,1.0,0.0
103000.0,15.131420669,-3.9145093486230404E-12,103000.0,89.8747572815534,19.626143402654424,-63.335943617854284,-59.0756558877364,103000.0,-1.0,42.0,2281.0,7438679.476190477,2.8497015862884887E7,-1496.1666666666663,3829.5556700590346,427.3333333333332,1094.1587628740099,214.1666666666666,547.0793814370049,214.1666666666666,547.0793814370049,10.190476190476192,6.466567284938648,0.0,0.0,0.0,0.0,1.0,0.0
104000.0,15.362996713,-3.974418236822303E-12,104000.0,89.81826923076923,19.703254653290827,-63.158705701078446,-58.470517809039116,104000.0,-1.0,42.0,2300.0,7568421.9523809515,2.8516766340798285E7,-1519.5,3855.0194219877076,433.9999999999999,1101.4341205679166,217.5,550.7170602839583,217.5,550.7170602839583,10.23809523809524,6.468722208836821,0.0,0.0,0.0,0.0,1.0,0.0
105000.0,15.538798211,-4.019898210083031E-12,105000.0,89.79714285714286,19.822958452026278,-62.88581420100348,-58.05547359102995,105000.0,-1.0,42.0,2320.0,7692236.380952381,2.8549796544426765E7,-1536.0952380952383,3873.1514855131695,438.73809523809524,1106.6160913502513,219.85714285714283,553.3128860109657,219.85714285714283,553.3128860109657,10.23809523809524,6.468722208836821,0.0,0.0,0.0,0.0,1.0,0.0
106000.0,15.67916779,-4.056211920558578E-12,106000.0,89.75,19.964529405790366,-62.43085663028847,-57.50942302116555,106000.0,-1.0,42.0,2332.0,7784498.166666667,2.858571964534336E7,-1549.9285714285718,3882.3543924943096,442.69047619047626,1109.2455024858716,221.83333333333331,554.6276235574713,221.83333333333331,554.6276235574713,10.23809523809524,6.468722208836821,0.0,0.0,0.0,0.0,1.0,0.0
107000.0,15.825223194,-4.093996558027963E-12,107000.0,89.65140186915887,20.037069736006714,-63.294499336381236,-58.20831547363904,107000.0,-1.0,42.0,2350.0,7893700.166666665,2.8644360480917454E7,-1564.595238095238,3898.8072226004156,446.8809523809524,1113.9463183278376,223.92857142857142,556.9780567931999,223.92857142857142,556.9780567931999,10.33333333333333,6.53943633979844,0.0,0.0,0.0,0.0,1.0,0.0
108000.0,15.981109988,-4.134324583121472E-12,108000.0,89.59537037037038,20.000209677135636,-63.828546435340485,-58.73710976126571,108000.0,-1.0,42.0,2367.0,8021981.666666667,2.8733976426164214E7,-1579.9285714285716,3911.9075466209715,451.26190476190476,1117.6892770250465,226.11904761904762,558.8495675407955,226.11904761904762,558.8495675407955,10.404761904761905,6.552078515155114,0.0,0.0,0.0,0.0,1.0,0.0
109000.0,16.12206808,-4.170790542331007E-12,109000.0,89.58532110091744,19.97755039972543,-63.6442266109269,-58.503211393465385,109000.0,-1.0,42.0,2381.0,8123675.047619047,2.8821810932096425E7,-1592.2619047619055,3925.426470909035,454.7857142857142,1121.5518329249353,227.88095238095238,560.7808668311972,227.88095238095238,560.7808668311972,10.404761904761905,6.552078515155114,0.0,0.0,0.0,0.0,1.0,0.0
110000.0,16.267324714,-4.208368537430134E-12,110000.0,89.58181818181818,19.988556700670035,-63.27112124234212,-58.17805383022774,110000.0,-1.0,42.0,2398.0,8248405.476190477,2.8948937201045986E7,-1606.7619047619048,3941.5655909526163,458.9285714285714,1126.1630171138559,229.9523809523809,563.0864835183154,229.9523809523809,563.0864835183154,10.428571428571427,6.589507021580327,0.0,0.0,0.0,0.0,1.0,0.0
111000.0,16.414087773,-4.246336245754112E-12,111000.0,89.53783783783784,20.03915258670734,-63.35630890420588,-58.215258855585795,111000.0,-1.0,42.0,2418.0,8379587.80952381,2.910549129796432E7,-1621.5952380952385,3959.7324623811787,463.1666666666667,1131.3535583467,232.07142857142858,565.6817769933018,232.07142857142858,565.6817769933018,10.428571428571427,6.589507021580327,0.0,0.0,0.0,0.0,1.0,0.0
112000.0,16.539367761,-4.278746268246323E-12,112000.0,89.55625,20.030073230140346,-63.29750104704722,-58.131675003379726,112000.0,-1.0,42.0,2438.0,8493319.761904761,2.9260209463123437E7,-1631.595238095238,3968.469245092504,466.0238095238096,1133.849787618578,233.5,566.9299113561075,233.5,566.9299113561075,10.428571428571427,6.589507021580327,0.0,0.0,0.0,0.0,1.0,0.0
113000.0,16.735533709,-4.329494539286113E-12,113000.0,89.54070796460178,20.04148342531878,-63.13319530710838,-57.94467459575032,113000.0,-1.0,42.0,2460.0,8666394.261904763,2.9505515824241605E7,-1655.5000000000002,3995.7346786230964,472.8571428571428,1141.638479606599,236.9285714285714,570.8192398032995,236.9285714285714,570.8192398032995,10.452380952380953,6.578614210037429,0.0,0.0,0.0,0.0,1.0,0.0
114000.0,16.93332362,-4.380662930715415E-12,114000.0,89.49298245614034,20.124250868935484,-63.121340051749954,-58.000263817438395,114000.0,-1.0,42.0,2484.0,8832031.214285713,2.976571106850781E7,-1676.595238095238,4019.2188663453658,478.8809523809524,1148.3497003363068,239.92857142857144,574.1799408979878,239.92857142857144,574.1799408979878,10.5,6.61207321459177,0.0,0.0,0.0,0.0,1.0,0.0
115000.0,17.183984699,-4.445509131118241E-12,115000.0,89.45652173913044,20.097103243430496,-62.033943605505904,-57.87760416666655,115000.0,-1.0,42.0,2506.0,8999289.047619049,2.9913560046199083E7,-1709.333333333333,4046.847057363431,488.23809523809524,1156.2420163895515,244.61904761904762,578.1210081947758,244.61904761904762,578.1210081947758,10.54761904761905,6.582320670729379,0.0,0.0,0.0,0.0,1.0,0.0
116000.0,17.372234412,-4.4942094665020704E-12,116000.0,89.43879310344828,19.98947122615968,-61.9859843977258,-58.691709844559426,116000.0,-1.0,42.0,2533.0,9148593.976190476,3.0045162166691244E7,-1729.7619047619046,4063.366715407214,494.0714285714285,1160.963401302454,247.52380952380955,580.4868956355912,247.52380952380955,580.4868956355912,10.54761904761905,6.582320670729379,0.0,0.0,0.0,0.0,1.0,0.0
117000.0,17.549333671,-4.540025171461618E-12,117000.0,89.43504273504274,19.977023469185788,-60.762127714917526,-58.55566957414047,117000.0,-1.0,42.0,2553.0,9286496.928571427,3.0213418981828973E7,-1750.095238095238,4084.916369622031,499.88095238095246,1167.120454886172,250.42857142857144,583.5654557245335,250.42857142857144,583.5654557245335,10.54761904761905,6.582320670729379,0.0,0.0,0.0,0.0,1.0,0.0
118000.0,17.744252754,-4.590450877634187E-12,118000.0,89.42457627118644,19.913682499899572,-59.843729985910066,-58.786105102430305,118000.0,-1.0,42.0,2577.0,9466173.261904761,3.0462226520909514E7,-1773.2619047619046,4114.1526707240155,506.50000000000006,1175.4736927890067,253.7380952380953,587.7421061923378,253.7380952380953,587.7421061923378,10.54761904761905,6.582320670729379,0.0,0.0,0.0,0.0,1.0,0.0
119000.0,17.917657792,-4.6353108849790355E-12,119000.0,89.42857142857143,19.91688161684375,-59.0995320601999,-58.89857269167632,119000.0,-1.0,42.0,2596.0,9601624.71428571,3.0652675587912563E7,-1789.0952380952383,4132.43029427599,511.0238095238095,1180.6958776572571,256.0,590.3532220876484,256.0,590.3532220876484,10.571428571428571,6.578393521524978,0.0,0.0,0.0,0.0,1.0,0.0
120000.0,18.095845681,-4.68140821929814E-12,120000.0,89.3975,19.79647295444775,-58.38416531806302,-59.35621242484975,120000.0,-1.0,42.0,2618.0,9758059.76190476,3.0967581509260546E7,-1810.0952380952378,4165.066759688216,517.0238095238094,1190.0205878132024,258.99999999999994,595.0155972540633,258.99999999999994,595.0155972540633,10.619047619047619,6.551679661576947,0.0,0.0,0.0,0.0,1.0,0.0
121000.0,18.295270814,-4.732999643828305E-12,121000.0,89.32314049586778,19.69812607638782,-57.83750763591924,-60.146274947316094,121000.0,-1.0,42.0,2639.0,9921110.61904762,3.1259259633456077E7,-1832.5952380952385,4196.931074240794,523.452380952381,1199.124684873196,262.21428571428567,599.5676708980086,262.21428571428567,599.5676708980086,10.619047619047619,6.551679661576947,0.0,0.0,0.0,0.0,1.0,0.0
122000.0,18.481698985,-4.78122874499402E-12,122000.0,89.29262295081966,19.663829659053448,-56.7622704908197,-60.32155130093293,122000.0,-1.0,42.0,2661.0,1.0081669738095237E7,3.1515244088431325E7,-1852.7619047619048,4221.321627570139,529.2142857142857,1206.0934222545013,265.095238095238,603.0520670609855,265.095238095238,603.0520670609855,10.666666666666666,6.591445552497929,0.0,0.0,0.0,0.0,1.0,0.0
123000.0,18.64473468,-4.823406195888916E-12,123000.0,89.26991869918699,19.671509413425856,-55.98629003663875,-60.55961070559627,123000.0,-1.0,42.0,2678.0,1.0204969809523812E7,3.1731241299275573E7,-1866.261904761905,4238.727524540101,533.0714285714286,1211.066540494463,267.0238095238095,605.53864302765,267.0238095238095,605.53864302765,10.666666666666666,6.591445552497929,0.0,0.0,0.0,0.0,1.0,0.0
124000.0,18.804688508,-4.86478636558685E-12,124000.0,89.2483870967742,19.716586020840452,-54.933178384660174,-60.742705570291676,124000.0,-1.0,42.0,2702.0,1.0345124E7,3.1998517112903614E7,-1883.095238095238,4262.276597733484,537.8809523809524,1217.794852409538,269.4285714285714,608.9028174634952,269.4285714285714,608.9028174634952,10.666666666666666,6.591445552497929,0.0,0.0,0.0,0.0,1.0,0.0
124136.0,18.822999007,-4.869523304773287E-12,124136.0,89.25855513307985,19.716673419813983,-54.884423277964956,-60.72806171648979,124136.0,-1.0,42.0,2703.0,1.0358319428571431E7,3.2024937964793768E7,-1883.9285714285716,4262.918091320793,538.1190476190477,1217.9781367411972,269.54761904761904,608.9944612019723,269.54761904761904,608.9944612019723,10.714285714285717,6.5715043170911045,0.0,0.0,0.0,0.0,1.0,0.0
