learning evaluation instances,evaluation time (cpu seconds),model cost (RAM-Hours),classified instances,classifications correct (percent),Kappa Statistic (percent),Kappa Temporal Statistic (percent),Kappa M Statistic (percent),model training instances,model serialized size (bytes),ensemble size,change detections,[avg] model training instances,[err] model training instances,[avg] model serialized size (bytes),[err] model serialized size (bytes),[avg] tree size (nodes),[err] tree size (nodes),[avg] tree size (leaves),[err] tree size (leaves),[avg] active learning leaves,[err] active learning leaves,[avg] tree depth,[err] tree depth,[avg] active leaf byte size estimate,[err] active leaf byte size estimate,[avg] inactive leaf byte size estimate,[err] inactive leaf byte size estimate,[avg] byte size estimate overhead,[err] byte size estimate overhead
1000.0,0.215967908,-5.587105225357744E-14,1000.0,86.2,19.32655208698701,-193.6170212765955,-206.66666666666643,1000.0,-1.0,42.0,20.0,1955.047619047619,3724.0493627520173,-4.833333333333334,3.1693399071659183,1.2380952380952388,0.905525687761691,1.1190476190476188,0.4527628438808455,1.1190476190476188,0.4527628438808455,0.11904761904761905,0.4527628438808455,0.0,0.0,0.0,0.0,1.0,0.0
2000.0,0.333807292,-8.635618516968355E-14,2000.0,90.14999999999999,18.499564572546774,-169.8630136986304,-177.46478873239465,2000.0,-1.0,42.0,47.0,6169.047619047617,10899.287515206694,-8.595238095238097,12.372391617313601,2.3095238095238098,3.537176049033792,1.6428571428571428,1.7782072168122995,1.6428571428571428,1.7782072168122995,0.5238095238095238,1.21450773402422,0.0,0.0,0.0,0.0,1.0,0.0
3000.0,0.414839003,-1.073191467569106E-13,3000.0,92.83333333333333,19.9484691540974,-141.5730337078655,-147.12643678160896,3000.0,-1.0,42.0,72.0,10888.738095238095,23366.003157662184,-11.928571428571427,17.433347434943652,3.2619047619047628,4.983188928100911,2.1190476190476186,2.500754822169488,2.1190476190476186,2.500754822169488,0.7857142857142857,1.4234227777372344,0.0,0.0,0.0,0.0,1.0,0.0
4000.0,0.534239934,-1.382082529986898E-13,4000.0,93.8,21.76026778179314,-108.40336134453763,-111.96581196581216,4000.0,-1.0,42.0,98.0,19767.14285714286,33495.87119993312,-20.499999999999993,25.01633612603436,5.714285714285715,7.147524607438388,3.3571428571428577,3.573762303719194,3.3571428571428577,3.573762303719194,1.547619047619047,1.8767171772887836,0.0,0.0,0.0,0.0,1.0,0.0
5000.0,0.645501856,-1.6699179179138606E-13,5000.0,94.19999999999999,19.58071046282683,-100.0,-104.22535211267639,5000.0,-1.0,42.0,126.0,30179.047619047622,61463.44832379108,-28.261904761904766,36.18587483738379,7.928571428571432,10.341469577935182,4.452380952380954,5.1806505898644115,4.452380952380954,5.1806505898644115,2.1190476190476186,2.401243386780101,0.0,0.0,0.0,0.0,1.0,0.0
6000.0,0.741645176,-1.9186413743429712E-13,6000.0,93.5,20.6225902680583,-110.81081081081032,-114.28571428571419,6000.0,-1.0,42.0,150.0,40094.50000000001,93444.82990729042,-35.261904761904766,54.578678729822215,9.928571428571429,15.596110924143495,5.452380952380953,7.80619635353046,5.452380952380953,7.80619635353046,2.4047619047619047,2.88866180351711,0.0,0.0,0.0,0.0,1.0,0.0
7000.0,0.822934066,-2.1289363141275113E-13,7000.0,94.15714285714286,20.566130707696757,-109.74358974359,-113.02083333333286,7000.0,-1.0,42.0,173.0,52001.30952380953,110035.44741725955,-39.76190476190475,61.15147507297321,11.214285714285715,17.474072380956677,6.095238095238097,8.745199446356963,6.095238095238097,8.745199446356963,2.595238095238096,3.0368430640364887,0.0,0.0,0.0,0.0,1.0,0.0
8000.0,0.939285196,-2.429937519547012E-13,8000.0,94.2625,18.92752955711957,-102.20264317180572,-105.829596412556,8000.0,-1.0,42.0,203.0,68594.66666666667,146373.5837049086,-49.0952380952381,70.1885299238327,13.880952380952383,20.05626522263315,7.428571428571426,10.036865843388968,7.428571428571426,10.036865843388968,3.0714285714285725,3.4879084314931257,0.0,0.0,0.0,0.0,1.0,0.0
9000.0,1.047304571,-2.70938441519522E-13,9000.0,94.28888888888889,17.41326786379929,-101.56862745098047,-106.42570281124534,9000.0,-1.0,42.0,230.0,85993.66666666666,210758.64167737236,-57.26190476190476,83.24693198003317,16.21428571428571,23.787202661367346,8.595238095238095,11.902161156102299,8.595238095238095,11.902161156102299,3.428571428571429,3.6900846519661252,0.0,0.0,0.0,0.0,1.0,0.0
10000.0,1.13360055,-2.9326327300320067E-13,10000.0,94.43,17.444484380037014,-98.22064056939482,-102.54545454545467,10000.0,-1.0,42.0,250.0,99152.30952380953,224956.64808498896,-63.59523809523807,91.66057735027546,18.02380952380952,26.19112500516167,9.499999999999998,13.104179188149176,9.499999999999998,13.104179188149176,3.595238095238095,3.7744941435229395,0.0,0.0,0.0,0.0,1.0,0.0
11000.0,1.226790553,-3.173715934260852E-13,11000.0,94.36363636363636,16.716022396307057,-98.08306709265224,-101.9543973941371,11000.0,-1.0,42.0,273.0,116737.09523809525,271303.015034608,-70.92857142857142,109.54370836251549,20.11904761904762,31.300434331087967,10.547619047619047,15.65824396121406,10.547619047619047,15.65824396121406,3.6904761904761916,3.898017602721491,0.0,0.0,0.0,0.0,1.0,0.0
12000.0,1.366569721,-3.535325641536878E-13,12000.0,94.55,16.80352529160105,-94.06528189910965,-97.58308157099724,12000.0,-1.0,42.0,302.0,143420.71428571435,307501.26599130913,-82.5952380952381,126.17739342258398,23.452380952380953,36.052943711857424,12.214285714285712,18.034568045819757,12.214285714285712,18.034568045819757,4.023809523809524,4.1171153484086656,0.0,0.0,0.0,0.0,1.0,0.0
13000.0,1.473946696,-3.8131106437908276E-13,13000.0,94.63076923076923,16.84120482559289,-91.23287671232859,-94.42896935933165,13000.0,-1.0,42.0,327.0,166716.83333333337,370420.4700630126,-92.26190476190474,147.49469763496495,26.21428571428572,42.143503804168745,13.595238095238098,21.07947738951558,13.595238095238098,21.07947738951558,4.333333333333336,4.365422152450515,0.0,0.0,0.0,0.0,1.0,0.0
14000.0,1.589021983,-4.1108112342448694E-13,14000.0,94.57142857142857,16.487777311204642,-89.52618453865298,-92.40506329113897,14000.0,-1.0,42.0,353.0,193116.92857142855,477016.9363780311,-102.5952380952381,176.78994832973316,29.166666666666668,50.51342090035985,15.071428571428573,25.26386878928266,15.071428571428573,25.26386878928266,4.452380952380954,4.527436042577337,0.0,0.0,0.0,0.0,1.0,0.0
15000.0,1.699258866,-4.3959948389480506E-13,15000.0,94.40666666666667,15.785644654365852,-89.39051918735895,-94.21296296296245,15000.0,-1.0,42.0,380.0,218641.90476190476,607611.9609684236,-109.42857142857146,201.9578732765752,31.119047619047617,57.704124374281555,16.047619047619047,28.858741230558053,16.047619047619047,28.858741230558053,4.571428571428574,4.607220510919456,0.0,0.0,0.0,0.0,1.0,0.0
16000.0,1.829867999,-4.733881600097649E-13,16000.0,94.39999999999999,15.019462357018334,-88.23529411764687,-92.68817204301098,16000.0,-1.0,42.0,407.0,250921.28571428577,646611.7732530305,-119.26190476190477,217.29658943860403,33.92857142857144,62.086640036968824,17.452380952380953,31.050079439788707,17.452380952380953,31.050079439788707,4.928571428571431,4.608543800181154,0.0,0.0,0.0,0.0,1.0,0.0
17000.0,1.949553596,-5.043509095493289E-13,17000.0,94.61176470588235,14.922980219811336,-86.55804480651739,-91.23173277661834,17000.0,-1.0,42.0,435.0,285849.02380952373,691216.6674681535,-129.26190476190476,225.4336806402608,36.785714285714285,64.411609207478,18.880952380952383,32.2128609227269,18.880952380952383,32.2128609227269,5.261904761904762,4.590868581452957,0.0,0.0,0.0,0.0,1.0,0.0
18000.0,2.068933555,-5.352345903197095E-13,18000.0,94.65,14.70126250398594,-85.54913294797657,-89.94082840236679,18000.0,-1.0,42.0,462.0,322212.28571428574,780973.1980821104,-141.5952380952381,239.5675025320716,40.3095238095238,68.44990623209316,20.642857142857142,34.232220899836335,20.642857142857142,34.232220899836335,5.452380952380951,4.686266291385358,0.0,0.0,0.0,0.0,1.0,0.0
19000.0,2.138448201,-5.532180789547661E-13,19000.0,94.78421052631579,14.496124284463125,-85.9287054409007,-90.21113243762015,19000.0,-1.0,42.0,484.0,345190.619047619,868160.7508837417,-146.0952380952381,246.8601667503097,41.59523809523809,70.53352758338805,21.28571428571428,35.27403917502579,21.28571428571428,35.27403917502579,5.523809523809525,4.743355276585034,0.0,0.0,0.0,0.0,1.0,0.0
20000.0,2.228202137,-5.764374863873752E-13,20000.0,94.78,14.090997793973573,-88.10810810810784,-92.26519337016578,20000.0,-1.0,42.0,507.0,372226.16666666674,988394.7288044317,-152.7619047619048,259.87415430229333,43.50000000000001,74.25179639774841,22.238095238095237,37.133122104921384,22.238095238095237,37.133122104921384,5.547619047619048,4.738026660100538,0.0,0.0,0.0,0.0,1.0,0.0
21000.0,2.319254747,-5.999928617125583E-13,21000.0,94.70952380952382,13.935702507252056,-91.22203098106745,-95.25483304042201,21000.0,-1.0,42.0,533.0,407380.35714285716,1162458.9007959582,-159.92857142857142,275.1820145194496,45.547619047619044,78.62544811798388,23.261904761904763,39.31986373435531,23.261904761904763,39.31986373435531,5.690476190476191,4.821132825273691,0.0,0.0,0.0,0.0,1.0,0.0
22000.0,2.403851014,-6.218779764862523E-13,22000.0,94.26818181818182,13.8724364538343,-87.9284649776455,-90.19607843137261,22000.0,-1.0,42.0,559.0,414659.880952381,1196001.1242205992,-165.26190476190476,287.58413907923006,47.07142857142857,82.16888998177009,24.023809523809522,41.09150294649562,24.023809523809522,41.09150294649562,5.738095238095238,4.889309013025748,0.0,0.0,0.0,0.0,1.0,0.0
23000.0,2.469817882,-6.389436524154411E-13,23000.0,93.88695652173912,14.067887697374326,-88.21954484605115,-88.97849462365596,23000.0,-1.0,42.0,586.0,416030.95238095237,1198186.7232319487,-167.92857142857144,290.98565825501527,47.83333333333332,83.1407612357608,24.4047619047619,41.577467821281914,24.4047619047619,41.577467821281914,5.80952380952381,4.870208565865433,0.0,0.0,0.0,0.0,1.0,0.0
24000.0,2.521939207,-6.524274764685994E-13,24000.0,93.86250000000001,13.751472790214644,-88.60435339308552,-89.57528957528919,24000.0,-1.0,42.0,611.0,416509.7857142857,1198523.1576470358,-169.2619047619048,293.19061139626814,48.214285714285715,83.77074863892605,24.595238095238095,41.892463682105905,24.595238095238095,41.892463682105905,5.833333333333333,4.853546184915282,0.0,0.0,0.0,0.0,1.0,0.0
25000.0,2.573412134,-6.657435594954424E-13,25000.0,93.876,13.354903566894011,-88.3148831488314,-89.71499380421317,25000.0,-1.0,42.0,639.0,417043.3333333333,1198976.8325186977,-170.92857142857144,296.0735235695435,48.690476190476204,84.59443794644557,24.83333333333334,42.3043079549201,24.83333333333334,42.3043079549201,5.880952380952382,4.849955398097057,0.0,0.0,0.0,0.0,1.0,0.0
26000.0,2.667286594,-6.900289494337307E-13,26000.0,93.72692307692307,12.80003596078331,-87.68699654775631,-88.99188876013883,26000.0,-1.0,42.0,660.0,423688.9523809524,1201752.925916503,-176.9285714285714,300.45342911373484,50.40476190476191,85.84587991699087,25.690476190476193,42.930169103788856,25.690476190476193,42.930169103788856,6.023809523809522,4.86645107950089,0.0,0.0,0.0,0.0,1.0,0.0
27000.0,2.746109782,-7.104205645413863E-13,27000.0,93.58888888888889,12.133496173162332,-89.18032786885266,-90.4290429042907,27000.0,-1.0,42.0,684.0,425870.9761904762,1202354.0779554588,-180.26190476190476,303.20202228585913,51.357142857142854,86.63121203674055,26.166666666666668,43.32290368546223,26.166666666666668,43.32290368546223,6.095238095238095,4.86304894730448,0.0,0.0,0.0,0.0,1.0,0.0
28000.0,2.805993306,-7.25912475027144E-13,28000.0,93.60000000000001,12.189364363771373,-89.62962962962978,-90.43570669500528,28000.0,-1.0,42.0,712.0,426484.59523809515,1202575.4025203488,-182.26190476190476,305.96875813125257,51.92857142857143,87.42171211506282,26.452380952380953,43.718167447006586,26.452380952380953,43.718167447006586,6.142857142857143,4.836706340372187,0.0,0.0,0.0,0.0,1.0,0.0
29000.0,2.870445911,-7.425864100352757E-13,29000.0,93.38275862068966,11.89172880219973,-92.86432160804019,-93.64278506559045,29000.0,-1.0,42.0,740.0,427702.0714285714,1203092.2790759916,-184.76190476190482,309.44425476334095,52.64285714285714,88.41471608791109,26.809523809523807,44.21468583706268,26.809523809523807,44.21468583706268,6.166666666666666,4.888596320390939,0.0,0.0,0.0,0.0,1.0,0.0
30000.0,2.93657535,-7.596941431984305E-13,30000.0,93.29666666666667,11.92369640172611,-90.6161137440756,-90.97815764482404,30000.0,-1.0,42.0,764.0,428590.9523809524,1203339.1914307321,-186.92857142857142,311.1035740680415,53.26190476190476,88.88882053326834,27.119047619047617,44.45178389844186,27.119047619047617,44.45178389844186,6.2142857142857135,4.896667429627655,0.0,0.0,0.0,0.0,1.0,0.0
31000.0,3.003186768,-7.769265646735827E-13,31000.0,93.18064516129031,11.460849507303553,-92.35668789808899,-92.5318761384333,31000.0,-1.0,42.0,788.0,429238.26190476195,1203699.6661774726,-189.26190476190473,314.5184518627437,53.92857142857143,89.86450311363564,27.452380952380953,44.93963559989484,27.452380952380953,44.93963559989484,6.238095238095238,4.888061732722245,0.0,0.0,0.0,0.0,1.0,0.0
32000.0,3.06835919,-7.937867168544067E-13,32000.0,92.99374999999999,12.003120710023328,-94.11255411255401,-93.60967184801369,32000.0,-1.0,42.0,813.0,430107.85714285716,1204222.644873013,-190.26190476190473,314.9049457452518,54.214285714285715,89.97493843864706,27.595238095238095,44.994882919797874,27.595238095238095,44.994882919797874,6.261904761904762,4.869314189250403,0.0,0.0,0.0,0.0,1.0,0.0
33000.0,3.139349099,-8.121518570826285E-13,33000.0,92.86666666666666,12.25551710294508,-93.10910582444635,-92.00652528548127,33000.0,-1.0,42.0,838.0,431214.09523809527,1204845.2145859338,-192.42857142857136,315.6652396986513,54.833333333333336,90.19218414752363,27.904761904761905,45.10357160905495,27.904761904761905,45.10357160905495,6.357142857142857,4.863108654345709,0.0,0.0,0.0,0.0,1.0,0.0
34000.0,3.208032819,-8.299203845672308E-13,34000.0,92.76176470588236,12.06107006293626,-92.11553473848542,-91.21989121989145,34000.0,-1.0,42.0,861.0,432277.9285714286,1205501.5168116302,-193.92857142857144,318.2040603792036,55.261904761904766,90.91756102976181,28.119047619047624,45.46625786172529,28.119047619047624,45.46625786172529,6.357142857142857,4.863108654345709,0.0,0.0,0.0,0.0,1.0,0.0
35000.0,3.268896278,-8.456658049383096E-13,35000.0,92.64,12.042615625888784,-92.38237490664663,-91.23979213066097,35000.0,-1.0,42.0,887.0,433190.97619047615,1206280.0628309692,-195.42857142857142,319.7489978135779,55.69047619047618,91.35897785064178,28.33333333333333,45.68698734878598,28.33333333333333,45.68698734878598,6.38095238095238,4.873784431076528,0.0,0.0,0.0,0.0,1.0,0.0
36000.0,3.335833034,-8.629823915867341E-13,36000.0,92.49722222222222,11.833879782054959,-91.69623846699821,-90.6139731827808,36000.0,-1.0,42.0,912.0,434405.38095238095,1207338.4498547844,-197.99999999999994,321.6817090715907,56.42857142857143,91.90905973474021,28.714285714285715,45.954529867370105,28.714285714285715,45.954529867370105,6.452380952380952,4.844923825585486,0.0,0.0,0.0,0.0,1.0,0.0
37000.0,3.405917218,-8.811132201097076E-13,37000.0,92.35405405405406,11.81017557554119,-90.76196898179346,-88.85180240320435,37000.0,-1.0,42.0,934.0,435278.8333333334,1207688.7291774887,-199.92857142857144,323.9467279945843,56.976190476190474,92.55835024333413,28.976190476190478,46.28674576932421,28.976190476190478,46.28674576932421,6.476190476190476,4.88021438572516,0.0,0.0,0.0,0.0,1.0,0.0
38000.0,3.46694448,-8.969010164340336E-13,38000.0,92.22105263157894,11.618966521946279,-91.57485418016866,-89.6087235407312,38000.0,-1.0,42.0,957.0,435918.3095238095,1207892.0565145104,-201.26190476190473,323.89625405584013,57.357142857142854,92.54394379483212,29.166666666666664,46.27959391576518,29.166666666666664,46.27959391576518,6.523809523809525,4.850135000575708,0.0,0.0,0.0,0.0,1.0,0.0
39000.0,3.528934825,-9.129379630192285E-13,39000.0,92.12307692307692,12.021863412885494,-90.21671826625393,-88.23529411764707,39000.0,-1.0,42.0,977.0,436585.23809523805,1207983.6229041456,-202.76190476190473,324.5631066844684,57.785714285714285,92.73448478850543,29.38095238095238,46.3749051046047,29.38095238095238,46.3749051046047,6.571428571428572,4.829497055786108,0.0,0.0,0.0,0.0,1.0,0.0
40000.0,3.687835808,-9.54045760962698E-13,40000.0,92.05499999999999,12.206898670296395,-89.95815899581594,-88.15867377146265,40000.0,-1.0,42.0,1000.0,486043.47619047627,1297429.4847442082,-218.92857142857142,358.0631088166866,62.4047619047619,102.30586839706956,31.690476190476197,51.1604306391409,31.690476190476197,51.1604306391409,6.761904761904762,5.341094817017108,0.0,0.0,0.0,0.0,1.0,0.0
41000.0,3.973445332,-1.0279331490811373E-12,41000.0,92.15365853658537,12.539971269489739,-88.6803519061581,-87.03488372092997,41000.0,-1.0,42.0,1026.0,580554.619047619,1467281.3379740855,-242.09523809523807,389.9156762826003,69.02380952380953,111.40663554595906,35.00000000000001,55.71092637062473,35.00000000000001,55.71092637062473,7.142857142857143,5.676530323681838,0.0,0.0,0.0,0.0,1.0,0.0
42000.0,4.211030656,-1.089396642314063E-12,42000.0,92.21666666666667,12.625255398253207,-87.3352435530085,-85.94994311717873,42000.0,-1.0,42.0,1053.0,666383.5,1774678.2759587755,-266.5952380952381,424.6027733055007,76.02380952380952,121.31725956375867,38.5,60.666320467161924,38.5,60.666320467161924,7.595238095238095,5.665727188638219,0.0,0.0,0.0,0.0,1.0,0.0
43000.0,4.419404915,-1.1433032121405832E-12,43000.0,92.26744186046511,12.425857286849434,-86.27450980392173,-85.03060656649991,43000.0,-1.0,42.0,1082.0,753415.4047619046,1997884.0047622952,-286.2619047619048,454.99354375069976,81.64285714285714,130.00034173099016,41.3095238095238,65.00787498083452,41.3095238095238,65.00787498083452,7.690476190476191,5.654646676495768,0.0,0.0,0.0,0.0,1.0,0.0
44000.0,4.630270653,-1.1978543293662368E-12,44000.0,92.24772727272727,13.005568909519857,-83.28855454056936,-82.01707577374579,44000.0,-1.0,42.0,1112.0,831786.2380952381,2151757.1354536046,-310.26190476190476,478.1785083318046,88.5,136.62468619560954,44.738095238095234,68.32028571504827,44.738095238095234,68.32028571504827,7.8571428571428585,5.710800330787136,0.0,0.0,0.0,0.0,1.0,0.0
45000.0,4.778684896,-1.2362492001718943E-12,45000.0,92.24666666666667,13.031629167597917,-83.14960629921262,-82.19321148825061,45000.0,-1.0,42.0,1139.0,907905.5952380951,2402744.853134006,-323.4285714285714,500.2500420086107,92.26190476190476,142.93083087911995,46.61904761904761,71.47332860242254,46.61904761904761,71.47332860242254,8.04761904761905,5.695322774862918,0.0,0.0,0.0,0.0,1.0,0.0
46000.0,4.914041442,-1.271266035425166E-12,46000.0,92.16304347826086,13.142641791140974,-84.587813620072,-83.55397148676192,46000.0,-1.0,42.0,1162.0,975696.1666666666,2629135.048615316,-337.33333333333326,529.3153270472664,96.23809523809523,151.23295058493323,48.61904761904761,75.61647529246662,48.61904761904761,75.61647529246662,8.095238095238097,5.733128051858005,0.0,0.0,0.0,0.0,1.0,0.0
47000.0,5.125454288,-1.3259586898816955E-12,47000.0,92.15106382978723,13.295032117338842,-83.80667663178856,-82.80475718533187,47000.0,-1.0,42.0,1190.0,1016899.3333333335,2665757.7424965817,-352.6666666666667,546.8272865364465,100.61904761904763,156.23636758184188,50.80952380952382,78.11818379092094,50.80952380952382,78.11818379092094,8.190476190476192,5.890207231594369,0.0,0.0,0.0,0.0,1.0,0.0
48000.0,5.240269625,-1.355661499676191E-12,48000.0,92.09375,13.161441389834152,-82.53968253968273,-81.31868131868141,48000.0,-1.0,42.0,1216.0,1022832.6666666667,2673236.8171366453,-362.09523809523824,558.9809460308568,103.30952380952381,159.71109405930875,52.14285714285714,79.86347235143157,52.14285714285714,79.86347235143157,8.285714285714288,5.939884676082255,0.0,0.0,0.0,0.0,1.0,0.0
49000.0,5.307863378,-1.3731480519183806E-12,49000.0,92.12857142857143,13.187505264350824,-81.93396226415115,-81.33521391631393,49000.0,-1.0,42.0,1239.0,1023848.642857143,2673875.1822143723,-364.26190476190476,560.7110494295443,103.9285714285714,160.20541583018985,52.45238095238094,80.11065590366084,52.45238095238094,80.11065590366084,8.285714285714288,5.939884676082255,0.0,0.0,0.0,0.0,1.0,0.0
50000.0,5.368518869,-1.3888396708191266E-12,50000.0,92.208,13.11601448207955,-80.62123319425143,-81.46250582207738,50000.0,-1.0,42.0,1258.0,1024676.5000000001,2674713.1253517433,-366.7619047619047,562.9867134213439,104.64285714285715,160.85561188396403,52.80952380952381,80.43577595464751,52.80952380952381,80.43577595464751,8.333333333333334,5.896119710646692,0.0,0.0,0.0,0.0,1.0,0.0
51000.0,5.420703173,-1.4023397875846258E-12,51000.0,92.25098039215686,13.05552674929858,-79.5547478418901,-82.03592814371224,51000.0,-1.0,42.0,1279.0,1025225.9523809523,2675235.7988046673,-368.42857142857144,565.3689554168401,105.1190476190476,161.5362531809927,53.047619047619044,80.77609897070114,53.047619047619044,80.77609897070114,8.357142857142858,5.9174047894755955,0.0,0.0,0.0,0.0,1.0,0.0
52000.0,5.567618693,-1.4403469376783403E-12,52000.0,92.03076923076922,13.58416377828543,-78.77480586712694,-78.85196374622346,52000.0,-1.0,42.0,1302.0,1053680.1666666667,2710765.872285875,-381.42857142857144,587.5884632041309,108.83333333333334,167.88467538057867,54.904761904761905,83.95027840968653,54.904761904761905,83.95027840968653,8.404761904761905,6.072968992260077,0.0,0.0,0.0,0.0,1.0,0.0
53000.0,5.782747624,-1.4960009459820057E-12,53000.0,91.87547169811322,13.756746023109812,-77.93388429752049,-77.27459860024705,53000.0,-1.0,42.0,1324.0,1131141.8333333335,2837442.663480036,-405.595238095238,635.6630131746181,115.73809523809524,181.62022283497194,58.357142857142854,90.8179152382557,58.357142857142854,90.8179152382557,8.595238095238095,6.105014028107667,0.0,0.0,0.0,0.0,1.0,0.0
54000.0,6.000740843,-1.5523959476397268E-12,54000.0,91.8,13.833504198216758,-77.75993576876748,-76.97841726618695,54000.0,-1.0,42.0,1350.0,1236855.6666666665,3109977.4036616697,-429.09523809523813,691.4576970473606,122.45238095238098,197.56150044380468,61.71428571428573,98.78833882853655,61.71428571428573,98.78833882853655,8.738095238095239,6.184400216632892,0.0,0.0,0.0,0.0,1.0,0.0
55000.0,6.149541065,-1.5908906714887252E-12,55000.0,91.64,13.635620387143529,-78.98014791747758,-78.28615742535867,55000.0,-1.0,42.0,1367.0,1299283.119047619,3317507.2697073086,-444.6666666666665,736.6184658475798,126.90476190476188,210.4624188135943,63.95238095238094,105.23120940679715,63.95238095238094,105.23120940679715,8.761904761904763,6.1834141796856645,0.0,0.0,0.0,0.0,1.0,0.0
56000.0,6.323851506,-1.6359849072371917E-12,56000.0,91.60714285714285,13.820663944988661,-78.6393006461422,-77.49244712990952,56000.0,-1.0,42.0,1390.0,1376165.4761904764,3601533.9608589495,-462.2619047619046,789.3239793437261,131.92857142857147,225.52317417638554,66.45238095238098,112.76874726645879,66.45238095238098,112.76874726645879,8.833333333333336,6.144268265654194,0.0,0.0,0.0,0.0,1.0,0.0
57000.0,6.460784886,-1.6714096705739693E-12,57000.0,91.57192982456141,13.668144228111636,-79.18687057068271,-78.05782060785764,57000.0,-1.0,42.0,1415.0,1462652.8571428575,3926262.766079702,-478.76190476190476,838.5148546329909,136.64285714285714,239.5776590248614,68.80952380952381,119.79580962890881,68.80952380952381,119.79580962890881,8.880952380952385,6.1652146954976,0.0,0.0,0.0,0.0,1.0,0.0
58000.0,6.639671791,-1.71768784083219E-12,58000.0,91.3948275862069,13.593511987254784,-81.0301051867972,-79.79106628242073,58000.0,-1.0,42.0,1440.0,1548558.3809523808,4292440.75372432,-498.7619047619047,895.7236836981294,142.35714285714286,255.92298969622144,71.66666666666669,127.96830146118916,71.66666666666669,127.96830146118916,9.000000000000004,6.120736445408047,0.0,0.0,0.0,0.0,1.0,0.0
59000.0,6.786272332,-1.7556135056333405E-12,59000.0,91.31864406779661,13.428975086960135,-82.53741981468276,-81.30973451327424,59000.0,-1.0,42.0,1467.0,1630185.1904761903,4676099.230661303,-512.9285714285713,939.9111891843862,146.40476190476187,268.5479527078925,73.6904761904762,134.28064678950105,73.6904761904762,134.28064678950105,9.095238095238098,6.047815666186586,0.0,0.0,0.0,0.0,1.0,0.0
60000.0,6.907105144,-1.7868730405138594E-12,60000.0,91.19666666666667,13.27150767476139,-85.65905096660802,-84.36300174520078,60000.0,-1.0,42.0,1496.0,1728688.0952380954,5173921.315302179,-522.7619047619046,976.2489888698753,149.21428571428575,278.93014561428134,75.09523809523809,139.4716178005158,75.09523809523809,139.4716178005158,9.095238095238098,6.047815666186586,0.0,0.0,0.0,0.0,1.0,0.0
61000.0,7.024570091,-1.817261306310279E-12,61000.0,91.1016393442623,13.109192973274691,-88.40680319333549,-87.04341833218486,61000.0,-1.0,42.0,1525.0,1829509.9047619049,5711184.100522813,-533.0952380952382,1010.2212703654197,152.16666666666669,288.63648474370535,76.57142857142858,144.32469201331654,76.57142857142858,144.32469201331654,9.190476190476192,6.1057274001371145,0.0,0.0,0.0,0.0,1.0,0.0
62000.0,7.155099195,-1.8510292788657046E-12,62000.0,90.90483870967742,13.265309084270093,-91.86798230690715,-90.44241810199249,62000.0,-1.0,42.0,1552.0,1907380.9761904762,6139797.655290094,-545.0952380952382,1057.9394101679582,155.5952380952381,302.2701956797649,78.28571428571429,151.14139490674089,78.28571428571429,151.14139490674089,9.190476190476192,6.1057274001371145,0.0,0.0,0.0,0.0,1.0,0.0
63000.0,7.49339606,-1.9385469197813004E-12,63000.0,90.6984126984127,13.303440719148208,-93.84717168375768,-91.75392670157068,63000.0,-1.0,42.0,1579.0,2037096.880952381,6426972.9296256555,-579.6666666666665,1119.5942354409121,165.47619047619045,319.884067268832,83.23809523809523,159.942033634416,83.23809523809523,159.942033634416,9.547619047619047,6.298286181727964,0.0,0.0,0.0,0.0,1.0,0.0
64000.0,7.777199891,-2.0119671738292603E-12,64000.0,90.6578125,13.333773048353576,-91.94221508828235,-89.56880152187675,64000.0,-1.0,42.0,1605.0,2134998.5,6467201.73927863,-612.9285714285714,1145.831924695576,174.97619047619048,327.38241144221377,87.97619047619048,163.69774170339707,87.97619047619048,163.69774170339707,9.880952380952381,6.56005049412594,0.0,0.0,0.0,0.0,1.0,0.0
65000.0,7.966866782,-2.061034134175214E-12,65000.0,90.58769230769231,13.614902438353885,-91.12777257107172,-87.95698924731174,65000.0,-1.0,42.0,1630.0,2230161.595238095,6544299.096157704,-629.0952380952381,1163.3063436795417,179.59523809523807,332.3751230399105,90.28571428571428,166.19416879710394,90.28571428571428,166.19416879710394,9.952380952380954,6.618349882592248,0.0,0.0,0.0,0.0,1.0,0.0
66000.0,8.296738088,-2.1463720769517947E-12,66000.0,90.47272727272727,13.791244641398267,-90.37238873751153,-86.86478454680524,66000.0,-1.0,42.0,1651.0,2348046.0238095243,6608898.675359276,-661.3333333333334,1185.3165609209616,188.80952380952382,338.6618745488462,94.90476190476191,169.3309372744231,94.90476190476191,169.3309372744231,10.047619047619055,6.756938190112012,0.0,0.0,0.0,0.0,1.0,0.0
67000.0,8.640841229,-2.2353918056210704E-12,67000.0,90.46567164179105,13.859314829137567,-88.82648536801653,-85.4819976771198,67000.0,-1.0,42.0,1674.0,2467842.5476190485,6614907.735422152,-699.8333333333333,1196.1216170457867,199.80952380952382,341.74903344165335,100.40476190476191,170.87451672082668,100.40476190476191,170.87451672082668,10.357142857142858,6.763681450185387,0.0,0.0,0.0,0.0,1.0,0.0
68000.0,8.975960056,-2.3220872858332257E-12,68000.0,90.39411764705882,13.881741492909855,-88.40496106143632,-84.78076379066471,68000.0,-1.0,42.0,1700.0,2584081.166666667,6685453.059868065,-723.2619047619047,1208.1795832336452,206.5,345.1962502975839,103.73809523809521,172.60543748660388,103.73809523809521,172.60543748660388,10.452380952380953,6.73977049964767,0.0,0.0,0.0,0.0,1.0,0.0
69000.0,9.191203066,-2.377770806455777E-12,69000.0,90.31449275362318,13.903992590388981,-87.04170165127331,-82.84541723666202,69000.0,-1.0,42.0,1723.0,2617481.9761904767,6699448.025819253,-735.2619047619046,1219.333825707036,209.92857142857144,348.3831919482565,105.45238095238096,174.1989614346897,105.45238095238096,174.1989614346897,10.333333333333334,6.937584687829982,0.0,0.0,0.0,0.0,1.0,0.0
70000.0,9.288571132,-2.402959994764791E-12,70000.0,90.20428571428572,14.187163340736147,-86.38216906768143,-81.40211640211623,70000.0,-1.0,42.0,1746.0,2619463.8095238097,6700073.575831683,-740.2619047619047,1223.350996828051,211.35714285714283,349.53096247431785,106.16666666666666,174.77287235314614,106.16666666666666,174.77287235314614,10.333333333333334,6.937584687829982,0.0,0.0,0.0,0.0,1.0,0.0
71000.0,9.353695666,-2.4198077582857667E-12,71000.0,90.16197183098592,14.138472442546837,-85.82069699388127,-80.86483687208698,71000.0,-1.0,42.0,1757.0,2620493.6428571427,6700398.717065482,-743.5952380952383,1226.6072792616824,212.30952380952382,350.4613327611811,106.64285714285715,175.23807101512227,106.64285714285715,175.23807101512227,10.333333333333334,6.937584687829982,0.0,0.0,0.0,0.0,1.0,0.0
72000.0,9.417760184,-2.43638129490945E-12,72000.0,90.05694444444444,14.29700442218861,-85.89976629446898,-80.6004036326944,72000.0,-1.0,42.0,1778.0,2621408.119047619,6700691.295745494,-745.5952380952381,1228.5664670172348,212.88095238095244,351.0211029985097,106.92857142857144,175.51796417782688,106.92857142857144,175.51796417782688,10.333333333333334,6.937584687829982,0.0,0.0,0.0,0.0,1.0,0.0
73000.0,9.472236548,-2.4504743692361637E-12,73000.0,89.96164383561643,14.25274895073289,-86.70063694267537,-81.52093138469166,73000.0,-1.0,42.0,1802.0,2622129.404761905,6700959.926860491,-747.7619047619047,1230.6505677798111,213.5,351.6165629163011,107.23809523809524,175.8157030534697,107.23809523809524,175.8157030534697,10.357142857142856,6.917004245711553,0.0,0.0,0.0,0.0,1.0,0.0
74000.0,9.525338559,-2.46421189745888E-12,74000.0,89.82837837837837,14.11597176914945,-87.94007490636707,-82.51697381183294,74000.0,-1.0,42.0,1823.0,2622724.976190476,6701154.482157473,-749.595238095238,1232.4024932393738,214.02380952380946,352.11711522434416,107.49999999999997,176.0659867984645,107.49999999999997,176.0659867984645,10.357142857142856,6.917004245711553,0.0,0.0,0.0,0.0,1.0,0.0
75000.0,9.572353724,-2.476374754268261E-12,75000.0,89.83333333333333,14.065091207514177,-87.66920994339175,-82.37263812485037,75000.0,-1.0,42.0,1842.0,2623147.7857142854,6701269.576259894,-750.2619047619048,1233.1448604304521,214.2142857142857,352.3292207452297,107.59523809523807,176.17204167930313,107.59523809523807,176.17204167930313,10.357142857142856,6.917004245711553,0.0,0.0,0.0,0.0,1.0,0.0
76000.0,9.627772825,-2.490711715331093E-12,76000.0,89.81052631578947,14.014478265712393,-86.91769249336218,-81.78403755868548,76000.0,-1.0,42.0,1868.0,2623673.0714285714,6701412.605285809,-751.4285714285718,1234.2421026460938,214.54761904761904,352.642719931976,107.76190476190476,176.32879619340426,107.76190476190476,176.32879619340426,10.357142857142856,6.917004245711553,0.0,0.0,0.0,0.0,1.0,0.0
77000.0,9.682280819,-2.5048129723614277E-12,77000.0,89.81818181818181,13.968407844927471,-85.8260251244369,-80.7284462886122,77000.0,-1.0,42.0,1888.0,2624137.547619047,6701604.233543343,-752.2619047619047,1235.2209846632225,214.78571428571428,352.9224011795729,107.88095238095237,176.4686391514053,107.88095238095237,176.4686391514053,10.357142857142856,6.917004245711553,0.0,0.0,0.0,0.0,1.0,0.0
78000.0,9.734910432,-2.518428290883699E-12,78000.0,89.82692307692308,13.847581780280096,-85.35388927820581,-80.34090909090892,78000.0,-1.0,42.0,1912.0,2624445.261904762,6701672.912135847,-753.0952380952382,1236.1791805067073,215.02380952380955,353.1961721262644,108.0,176.60552707976598,108.0,176.60552707976598,10.357142857142856,6.917004245711553,0.0,0.0,0.0,0.0,1.0,0.0
79000.0,9.788350241,-2.5322532076905987E-12,79000.0,89.81645569620254,13.770632745861203,-86.0115606936417,-80.98987626546693,79000.0,-1.0,42.0,1937.0,2624778.714285714,6701833.711727792,-754.7619047619048,1237.311420655321,215.50000000000003,353.51967206449115,108.23809523809526,176.76728666613565,108.23809523809526,176.76728666613565,10.404761904761905,6.850527926281103,0.0,0.0,0.0,0.0,1.0,0.0
80000.0,9.847226968,-2.5474846590724243E-12,80000.0,89.78375,13.701768373830433,-86.30043309778907,-81.25970281658918,80000.0,-1.0,42.0,1965.0,2625144.4761904767,6701984.969006215,-756.4285714285714,1239.0655043385768,215.97619047619045,354.02084051202536,108.47619047619047,177.01787674574732,108.47619047619047,177.01787674574732,10.42857142857143,6.822283635775388,0.0,0.0,0.0,0.0,1.0,0.0
81000.0,9.901348994,-2.5614860659051257E-12,81000.0,89.76543209876543,13.899707619055295,-85.50011188185293,-80.45276447540284,81000.0,-1.0,42.0,1988.0,2625572.714285714,6702173.531010589,-757.8333333333334,1240.0923828030632,216.38095238095238,354.3121093723038,108.69047619047619,177.1560546861519,108.69047619047619,177.1560546861519,10.452380952380954,6.804598090145282,0.0,0.0,0.0,0.0,1.0,0.0
82000.0,9.956948195,-2.57586961896676E-12,82000.0,89.7329268292683,13.795549915752165,-84.99230938255337,-80.62647500536373,82000.0,-1.0,42.0,2004.0,2625941.5238095247,6702323.718532831,-758.7619047619045,1241.2201473240405,216.6428571428571,354.63645565486144,108.8095238095238,177.32569429810306,108.8095238095238,177.32569429810306,10.452380952380954,6.804598090145282,0.0,0.0,0.0,0.0,1.0,0.0
83000.0,10.012215467,-2.5901673017587085E-12,83000.0,89.71807228915662,13.688490333951059,-83.01522624919578,-80.88172954641786,83000.0,-1.0,42.0,2021.0,2626416.095238095,6702624.795994789,-760.0952380952381,1242.7026960252715,217.02380952380952,355.06004219796597,109.0,177.53749174641888,109.0,177.53749174641888,10.476190476190476,6.829770182321051,0.0,0.0,0.0,0.0,1.0,0.0
84000.0,10.066790831,-2.604285987456224E-12,84000.0,89.6952380952381,13.546509979259827,-81.35344646972553,-81.20159095666727,84000.0,-1.0,42.0,2032.0,2626989.714285714,6702851.348610651,-760.9285714285713,1243.5805581182174,217.26190476190484,355.3108607707471,109.11904761904766,177.66290393106038,109.11904761904766,177.66290393106038,10.476190476190476,6.829770182321051,0.0,0.0,0.0,0.0,1.0,0.0
85000.0,10.124700531,-2.61926726826156E-12,85000.0,89.64117647058823,13.60457145562175,-80.98663926002058,-80.54131638302249,85000.0,-1.0,42.0,2050.0,2627432.4047619053,6703076.645289258,-763.5000000000001,1245.874582616467,218.00000000000003,355.9641664618477,109.50000000000001,177.98208323092385,109.50000000000001,177.98208323092385,10.476190476190476,6.829770182321051,0.0,0.0,0.0,0.0,1.0,0.0
86000.0,10.181649828,-2.634000092123944E-12,86000.0,89.50232558139535,13.593531068515826,-80.59611922384477,-79.02042435058483,86000.0,-1.0,42.0,2072.0,2628029.3571428573,6703308.764582996,-764.9285714285713,1247.3823204254998,218.4047619047619,356.39708325459253,109.69047619047619,178.20603150057056,109.69047619047619,178.20603150057056,10.5,6.804768772616781,0.0,0.0,0.0,0.0,1.0,0.0
87000.0,10.230308995,-2.6465882534264674E-12,87000.0,89.47586206896551,13.594246228868064,-80.55610333267586,-78.68852459016409,87000.0,-1.0,42.0,2099.0,2628344.785714286,6703428.016039007,-765.9285714285716,1248.5060026591616,218.6904761904762,356.7181361909885,109.83333333333334,178.3665609953301,109.83333333333334,178.3665609953301,10.5,6.804768772616781,0.0,0.0,0.0,0.0,1.0,0.0
88000.0,10.280808525,-2.659652517953265E-12,88000.0,89.47159090909092,13.628109666664203,-79.93785201009887,-78.03612605687918,88000.0,-1.0,42.0,2121.0,2628753.9761904767,6703632.9264111295,-767.0952380952382,1249.821505490495,219.02380952380952,357.0939951476354,110.0,178.5544939705332,110.0,178.5544939705332,10.5,6.804768772616781,0.0,0.0,0.0,0.0,1.0,0.0
89000.0,10.33516099,-2.67371353952007E-12,89000.0,89.47078651685393,13.606559072647809,-79.1778202676864,-77.3802763581299,89000.0,-1.0,42.0,2143.0,2629607.2857142854,6704312.777114926,-768.9285714285714,1251.8679972658447,219.54761904761904,357.67870869361144,110.26190476190474,178.84685634797071,110.26190476190474,178.84685634797071,10.523809523809522,6.8333404152820165,0.0,0.0,0.0,0.0,1.0,0.0
90000.0,10.391920157,-2.6883971766154782E-12,90000.0,89.40444444444444,13.601754754159403,-79.01257743570507,-76.98589458054954,90000.0,-1.0,42.0,2164.0,2629981.0714285714,6704490.836886297,-770.0952380952381,1253.1303790133088,219.8809523809524,358.03939028295866,110.42857142857144,179.02720093873498,110.42857142857144,179.02720093873498,10.547619047619047,6.8153427376635625,0.0,0.0,0.0,0.0,1.0,0.0
91000.0,10.45424994,-2.7045219360540295E-12,91000.0,89.36703296703297,13.698035117861219,-79.08569313344425,-76.92448345218492,91000.0,-1.0,42.0,2186.0,2630376.2142857146,6704648.6605301155,-772.0952380952381,1255.069657177248,220.45238095238093,358.5934720054515,110.71428571428571,179.30424963531186,110.71428571428571,179.30424963531186,10.571428571428573,6.8151297149327155,0.0,0.0,0.0,0.0,1.0,0.0
92000.0,10.508712914,-2.7186115463781674E-12,92000.0,89.36304347826088,13.727726109544069,-78.93582007679638,-76.64259927797843,92000.0,-1.0,42.0,2210.0,2630985.0238095243,6704991.6439844305,-773.4285714285717,1256.5337366576694,220.83333333333337,359.0117816306221,110.90476190476191,179.5134086334785,110.90476190476191,179.5134086334785,10.571428571428573,6.8151297149327155,0.0,0.0,0.0,0.0,1.0,0.0
93000.0,10.553745937,-2.730261621634578E-12,93000.0,89.39139784946236,13.72956603678846,-78.89392565729827,-76.49373881932041,93000.0,-1.0,42.0,2239.0,2631354.119047619,6705169.694979664,-774.4285714285714,1257.727841801163,221.11904761904765,359.35295526488636,111.04761904761905,179.68399800910004,111.04761904761905,179.68399800910004,10.571428571428573,6.8151297149327155,0.0,0.0,0.0,0.0,1.0,0.0
94000.0,10.604581677,-2.743412863928823E-12,94000.0,89.40744680851064,13.67771265171926,-78.66499192535436,-76.26128518321816,94000.0,-1.0,42.0,2266.0,2631821.0476190476,6705488.358747711,-775.2619047619048,1258.7165367852967,221.35714285714283,359.6354401693248,111.16666666666666,179.8252426278882,111.16666666666666,179.8252426278882,10.571428571428573,6.8151297149327155,0.0,0.0,0.0,0.0,1.0,0.0
95000.0,10.6568142,-2.756925454984107E-12,95000.0,89.40421052631578,13.618329943418619,-78.57016143338669,-76.19464379485392,95000.0,-1.0,42.0,2292.0,2632323.8809523815,6705824.06052814,-776.5952380952383,1260.2213135005939,221.7380952380952,360.06537750015923,111.35714285714285,180.0402152133702,111.35714285714285,180.0402152133702,10.571428571428573,6.8151297149327155,0.0,0.0,0.0,0.0,1.0,0.0
96000.0,10.715262539,-2.772046082083962E-12,96000.0,89.37604166666667,13.63699679621115,-77.83783783783805,-75.24054982817867,96000.0,-1.0,42.0,2313.0,2633054.0,6706155.418440239,-779.0952380952382,1262.386663534376,222.4523809523809,360.68405215922377,111.71428571428568,180.3495637832108,111.71428571428568,180.3495637832108,10.595238095238097,6.800500425666406,0.0,0.0,0.0,0.0,1.0,0.0
97000.0,10.773977668,-2.787235727947618E-12,97000.0,89.34742268041236,13.667250766895558,-77.39055793991416,-74.36719541005729,97000.0,-1.0,42.0,2338.0,2633763.8095238097,6706486.684303166,-781.5952380952383,1264.5120539603083,223.16666666666669,361.2913098444325,112.07142857142858,180.6532040661688,112.07142857142858,180.6532040661688,10.619047619047619,6.789347398332044,0.0,0.0,0.0,0.0,1.0,0.0
98000.0,10.834608818,-2.802921049814256E-12,98000.0,89.2795918367347,13.609115170234126,-77.43624387772347,-74.1422178020884,98000.0,-1.0,42.0,2364.0,2634236.904761905,6706710.163671916,-783.7619047619048,1266.6598058986517,223.78571428571428,361.90495556722004,112.38095238095238,180.96003498697024,112.38095238095238,180.96003498697024,10.642857142857144,6.8354221900098775,0.0,0.0,0.0,0.0,1.0,0.0
99000.0,10.897965047,-2.8193113515670917E-12,99000.0,89.23838383838384,13.767913710815161,-77.1238570241063,-73.37672904800655,99000.0,-1.0,42.0,2386.0,2634891.3095238092,6707177.546252571,-785.7619047619047,1269.5696372705243,224.35714285714283,362.73633651149976,112.66666666666666,181.3757273494574,112.66666666666666,181.3757273494574,10.642857142857144,6.8354221900098775,0.0,0.0,0.0,0.0,1.0,0.0
100000.0,10.957341033,-2.834671961609273E-12,100000.0,89.197,14.054943609286944,-76.57731284733563,-72.6822250639387,100000.0,-1.0,42.0,2403.0,2635545.61904762,6707535.683737026,-787.595238095238,1271.581213840235,224.8809523809524,363.3110742896642,112.92857142857144,181.6631018627537,112.92857142857144,181.6631018627537,10.642857142857144,6.8354221900098775,0.0,0.0,0.0,0.0,1.0,0.0
101000.0,11.020389124,-2.8509825478411373E-12,101000.0,89.18712871287129,14.121891114373824,-76.00322320709087,-72.0384373030877,101000.0,-1.0,42.0,2422.0,2635888.666666667,6707717.86931722,-788.7619047619047,1273.2430612995709,225.21428571428567,363.78588822804494,113.09523809523807,181.90051013267473,113.09523809523807,181.90051013267473,10.642857142857144,6.8354221900098775,0.0,0.0,0.0,0.0,1.0,0.0
102000.0,11.075359706,-2.8652034767179014E-12,102000.0,89.19607843137256,14.110340566666293,-75.67352144109675,-71.62435757670147,102000.0,-1.0,42.0,2449.0,2636350.857142857,6707957.675437022,-790.2619047619047,1274.8964005643336,225.64285714285722,364.2582721780993,113.30952380952385,182.13670664389645,113.30952380952385,182.13670664389645,10.642857142857144,6.8354221900098775,0.0,0.0,0.0,0.0,1.0,0.0
103000.0,11.141256867,-2.8822511193963376E-12,103000.0,89.14563106796116,14.191315045124053,-75.09788566953793,-70.53081147040878,103000.0,-1.0,42.0,2471.0,2636960.5238095243,6708297.03605771,-792.4285714285716,1277.7806816442621,226.26190476190476,365.08235352426993,113.61904761904762,182.54875090673025,113.61904761904762,182.54875090673025,10.666666666666668,6.884647702224118,0.0,0.0,0.0,0.0,1.0,0.0
104000.0,11.204380558,-2.8985812634022685E-12,104000.0,89.09423076923076,14.266986037639375,-74.76117103235742,-69.7395989224783,104000.0,-1.0,42.0,2487.0,2637601.5714285714,6708720.60820164,-793.9285714285714,1279.375178918231,226.69047619047626,365.5379255686556,113.83333333333337,182.77654178707473,113.83333333333337,182.77654178707473,10.666666666666668,6.884647702224118,0.0,0.0,0.0,0.0,1.0,0.0
105000.0,11.265242678,-2.9143263373730896E-12,105000.0,89.05809523809523,14.327198012720785,-74.68450661395767,-69.50427854824444,105000.0,-1.0,42.0,2505.0,2638162.666666667,6709063.170300255,-795.5952380952381,1281.744163421303,227.16666666666666,366.21477882199446,114.07142857142857,183.1149702632059,114.07142857142857,183.1149702632059,10.666666666666668,6.884647702224118,0.0,0.0,0.0,0.0,1.0,0.0
106000.0,11.326861095,-2.9302670659186924E-12,106000.0,88.99245283018868,14.391304516355605,-74.43564060397647,-69.15047839953597,106000.0,-1.0,42.0,2512.0,2638958.6904761908,6709466.179226845,-797.3333333333334,1283.5129512143458,227.66666666666663,366.7179860612416,114.33333333333331,183.3589930306208,114.33333333333331,183.3589930306208,10.666666666666668,6.884647702224118,0.0,0.0,0.0,0.0,1.0,0.0
107000.0,11.389726768,-2.9465304604834963E-12,107000.0,88.95233644859813,14.404361271938823,-74.32532074915211,-68.89555650807242,107000.0,-1.0,42.0,2538.0,2639645.8809523806,6709847.965898349,-798.9285714285714,1284.5137524134852,228.1190476190476,367.0060943456876,114.54761904761904,183.51064332540767,114.54761904761904,183.51064332540767,10.738095238095237,6.829132444310037,0.0,0.0,0.0,0.0,1.0,0.0
108000.0,11.457012882,-2.9639374262963715E-12,108000.0,88.91666666666667,14.308584704136832,-74.51523545706385,-69.09167961576502,108000.0,-1.0,42.0,2563.0,2640517.452380953,6710436.258613979,-800.4285714285714,1286.4684338758123,228.54761904761904,367.5645755364827,114.76190476190476,183.78988659824452,114.76190476190476,183.78988659824452,10.738095238095237,6.829132444310037,0.0,0.0,0.0,0.0,1.0,0.0
109000.0,11.516133427,-2.9792319535691688E-12,109000.0,88.89816513761468,14.206119405099743,-74.44140118206721,-68.96118402680807,109000.0,-1.0,42.0,2583.0,2641225.1428571427,6710862.744552635,-801.9285714285714,1288.5278117304213,228.97619047619048,368.15296980382686,114.97619047619048,184.08408578362253,114.97619047619048,184.08408578362253,10.738095238095237,6.829132444310037,0.0,0.0,0.0,0.0,1.0,0.0
110000.0,11.57380223,-2.9941509141483224E-12,110000.0,88.89454545454547,14.172945149772936,-74.04188630859085,-68.61283643892337,110000.0,-1.0,42.0,2603.0,2641781.11904762,6711185.722111774,-804.0952380952382,1291.3828815676782,229.5952380952381,368.96870509926026,115.28571428571428,184.49195708747078,115.28571428571428,184.49195708747078,10.738095238095237,6.829132444310037,0.0,0.0,0.0,0.0,1.0,0.0
111000.0,11.635390907,-3.010083948934656E-12,111000.0,88.86216216216216,14.151916387606287,-73.90631593754397,-68.43324250681202,111000.0,-1.0,42.0,2627.0,2642500.333333333,6711768.664044541,-806.0,1293.8344788019003,230.1428571428572,369.66699394340014,115.5714285714286,184.83349697170007,115.5714285714286,184.83349697170007,10.738095238095237,6.829132444310037,0.0,0.0,0.0,0.0,1.0,0.0
112000.0,11.693926555,-3.0252271629352517E-12,112000.0,88.86428571428571,14.111849202979066,-74.11699008795188,-68.60889549817492,112000.0,-1.0,42.0,2656.0,2642848.6904761903,6711953.203909933,-806.9285714285713,1294.7148361583877,230.4047619047619,369.92069417210394,115.69047619047619,184.96795874081363,115.69047619047619,184.96795874081363,10.785714285714288,6.777062153217383,0.0,0.0,0.0,0.0,1.0,0.0
113000.0,11.749567427,-3.0396214963143877E-12,113000.0,88.86548672566371,14.191159676771456,-73.66459627329209,-68.1411198717093,113000.0,-1.0,42.0,2679.0,2643332.2142857136,6712229.969926732,-809.4285714285717,1296.7755911482561,231.11904761904762,370.5094845816021,116.04761904761905,185.26236535946268,116.04761904761905,185.26236535946268,10.80952380952381,6.765183808503203,0.0,0.0,0.0,0.0,1.0,0.0
114000.0,11.808440175,-3.0548519183260677E-12,114000.0,88.81578947368422,14.239403563638655,-73.63475418766157,-68.18361693707948,114000.0,-1.0,42.0,2702.0,2644248.714285714,6712944.455854765,-811.0952380952382,1298.3682594125373,231.59523809523813,370.9645344644548,116.2857142857143,185.48989660399369,116.2857142857143,185.48989660399369,10.833333333333336,6.731493751767233,0.0,0.0,0.0,0.0,1.0,0.0
115000.0,11.873216859,-3.0716096928032713E-12,115000.0,88.74956521739131,14.164104787463073,-72.89857009220914,-68.46354166666659,115000.0,-1.0,42.0,2717.0,2645202.119047619,6713619.113066126,-813.0,1300.1722024784106,232.14285714285717,371.4777721366887,116.57142857142858,185.73888606834436,116.57142857142858,185.73888606834436,10.833333333333336,6.731493751767233,0.0,0.0,0.0,0.0,1.0,0.0
116000.0,11.932751684,-3.0870113946083497E-12,116000.0,88.79137931034484,14.147886730347775,-71.91590638635462,-68.41968911917078,116000.0,-1.0,42.0,2737.0,2645751.8571428573,6713890.529830091,-815.4285714285716,1303.3607056068022,232.83333333333337,372.3909509174508,116.90476190476193,186.2031161516264,116.90476190476193,186.2031161516264,10.857142857142858,6.7591723716610295,0.0,0.0,0.0,0.0,1.0,0.0
117000.0,11.996031225,-3.10338185712074E-12,117000.0,88.77094017094016,14.147973384347031,-70.86747301339588,-68.52231913801938,117000.0,-1.0,42.0,2755.0,2646287.238095238,6714224.346576562,-817.2619047619046,1305.5851329917045,233.3571428571429,373.0265027809733,117.16666666666669,186.5208961898027,117.16666666666669,186.5208961898027,10.857142857142858,6.7591723716610295,0.0,0.0,0.0,0.0,1.0,0.0
118000.0,12.059270425,-3.11974188338758E-12,118000.0,88.7728813559322,14.072560612420022,-69.69386448059439,-68.57106502099508,118000.0,-1.0,42.0,2775.0,2647398.642857143,6714735.755495175,-820.3333333333333,1308.1501306148473,234.23809523809527,373.75718017567067,117.61904761904763,186.87859008783533,117.61904761904763,186.87859008783533,10.857142857142858,6.7591723716610295,0.0,0.0,0.0,0.0,1.0,0.0
119000.0,12.121680558,-3.135887429428595E-12,119000.0,88.77563025210084,14.061561841917994,-68.92626786391797,-68.71289629910324,119000.0,-1.0,42.0,2795.0,2648256.4285714286,6715066.805951085,-822.6666666666667,1310.8543232985767,234.90476190476193,374.5298066567361,117.95238095238096,187.26490332836806,117.95238095238096,187.26490332836806,10.857142857142858,6.7591723716610295,0.0,0.0,0.0,0.0,1.0,0.0
120000.0,12.17716749,-3.150241938419638E-12,120000.0,88.7875,14.059400115749071,-67.49657662143659,-68.52454909819645,120000.0,-1.0,42.0,2810.0,2648948.738095238,6715367.915810766,-823.5952380952382,1312.5527735643263,235.16666666666674,375.0172624753046,118.07142857142861,187.51629429779618,118.07142857142861,187.51629429779618,10.857142857142858,6.7591723716610295,0.0,0.0,0.0,0.0,1.0,0.0
121000.0,12.235107971,-3.1652311822916877E-12,121000.0,88.77355371900826,14.043689156289526,-65.96212583995096,-68.38973596132372,121000.0,-1.0,42.0,2823.0,2649588.2619047617,6715707.400884436,-824.7619047619048,1313.925431479643,235.50000000000006,375.4094512629656,118.23809523809527,187.7123915142277,118.23809523809527,187.7123915142277,10.857142857142858,6.7591723716610295,0.0,0.0,0.0,0.0,1.0,0.0
122000.0,12.297676883,-3.181417804573557E-12,122000.0,88.75245901639344,14.012107231560547,-64.67058682347286,-68.4094256259205,122000.0,-1.0,42.0,2836.0,2650181.642857143,6716051.5314321,-826.5952380952382,1316.292114134575,236.02380952380955,376.0856472313538,118.50000000000001,188.05049270043952,118.50000000000001,188.05049270043952,10.857142857142858,6.7591723716610295,0.0,0.0,0.0,0.0,1.0,0.0
123000.0,12.355279156,-3.1963195537941304E-12,123000.0,88.73739837398375,13.994764818407049,-63.72769176220301,-68.52798053527987,123000.0,-1.0,42.0,2843.0,2650980.214285714,6716509.451605289,-827.8333333333334,1317.1923006571856,236.3809523809524,376.3406573306243,118.6904761904762,188.17032866531216,118.6904761904762,188.17032866531216,10.857142857142858,6.7591723716610295,0.0,0.0,0.0,0.0,1.0,0.0
124000.0,12.412562479,-3.2111387904216E-12,124000.0,88.71451612903226,13.99025351877063,-62.62638001162123,-68.72437906920653,124000.0,-1.0,42.0,2865.0,2651631.2380952383,6716871.388163024,-829.0952380952381,1318.6525792849382,236.73809523809527,376.76006853840533,118.85714285714288,188.3877127457862,118.85714285714288,188.3877127457862,10.857142857142858,6.7591723716610295,0.0,0.0,0.0,0.0,1.0,0.0
124136.0,12.418885504,-3.212774561511144E-12,124136.0,88.72285235548108,13.987478522457156,-62.608897665234174,-68.74397299903568,124136.0,-1.0,42.0,2866.0,2651662.547619048,6716886.89319158,-829.2619047619049,1318.933162002696,236.7857142857143,376.84023500386746,118.8809523809524,188.42779588607803,118.8809523809524,188.42779588607803,10.857142857142858,6.7591723716610295,0.0,0.0,0.0,0.0,1.0,0.0
