learning evaluation instances,evaluation time (cpu seconds),model cost (RAM-Hours),classified instances,classifications correct (percent),Kappa Statistic (percent),Kappa Temporal Statistic (percent),Kappa M Statistic (percent),model training instances,model serialized size (bytes),ensemble size,change detections,[avg] model training instances,[err] model training instances,[avg] model serialized size (bytes),[err] model serialized size (bytes),[avg] tree size (nodes),[err] tree size (nodes),[avg] tree size (leaves),[err] tree size (leaves),[avg] active learning leaves,[err] active learning leaves,[avg] tree depth,[err] tree depth,[avg] active leaf byte size estimate,[err] active leaf byte size estimate,[avg] inactive leaf byte size estimate,[err] inactive leaf byte size estimate,[avg] byte size estimate overhead,[err] byte size estimate overhead
1000.0,0.300581738,-7.7760710587932E-14,1000.0,91.5,14.517021169608366,-80.851063829787,-88.88888888888864,1000.0,-1.0,42.0,24.0,2276.5714285714284,2357.085614129129,-7.595238095238095,6.659156629416276,2.023809523809523,1.9061913915896533,1.5,0.969032708552143,1.5,0.969032708552143,0.476190476190476,0.8333914033193508,0.0,0.0,0.0,0.0,1.0,0.0
2000.0,0.465584872,-1.2044713935918278E-13,2000.0,92.35,14.073666386797676,-109.58904109589058,-115.49295774647905,2000.0,-1.0,42.0,51.0,6187.7380952380945,9821.42527051787,-11.5,12.785758082964717,3.142857142857143,3.653073737989919,2.071428571428571,1.8265368689949593,2.071428571428571,1.8265368689949593,0.8571428571428571,1.3356541938074915,0.0,0.0,0.0,0.0,1.0,0.0
3000.0,0.607406668,-1.5713653941121367E-13,3000.0,93.63333333333334,13.951948245025307,-114.60674157303399,-119.54022988505722,3000.0,-1.0,42.0,78.0,11300.309523809525,27753.474455737487,-16.0952380952381,23.33928910218961,4.452380952380952,6.670657922546197,2.714285714285715,3.3443488139766524,2.714285714285715,3.3443488139766524,1.2619047619047616,1.8748596540583498,0.0,0.0,0.0,0.0,1.0,0.0
4000.0,0.783540043,-2.0270236948918967E-13,4000.0,94.525,16.914295578341978,-84.0336134453777,-87.17948717948707,4000.0,-1.0,42.0,109.0,20117.571428571428,41440.99042990945,-23.095238095238095,29.06075177699929,6.4523809523809526,8.30574993589845,3.714285714285715,4.163053020676253,3.714285714285715,4.163053020676253,1.8809523809523807,2.2545604833951285,0.0,0.0,0.0,0.0,1.0,0.0
5000.0,0.988214214,-2.556517239039143E-13,5000.0,94.6,18.06233817311779,-86.20689655172413,-90.14084507042284,5000.0,-1.0,42.0,138.0,31684.500000000004,64133.261679652096,-33.761904761904766,41.627740237238456,9.500000000000002,11.896402407614767,5.238095238095237,5.958431303662448,5.238095238095237,5.958431303662448,2.4761904761904763,2.461786930191803,0.0,0.0,0.0,0.0,1.0,0.0
6000.0,1.199268172,-3.1025153377817737E-13,6000.0,94.41666666666667,16.89077214674863,-81.08108108108067,-84.06593406593399,6000.0,-1.0,42.0,165.0,43274.69047619049,81023.14706409613,-43.761904761904745,53.2883593767333,12.35714285714286,15.228057270150927,6.666666666666667,7.624308578540942,6.666666666666667,7.624308578540942,3.0476190476190483,3.0198722388770904,0.0,0.0,0.0,0.0,1.0,0.0
7000.0,1.297317287,-3.356169099505577E-13,7000.0,94.54285714285714,15.788863722825115,-95.8974358974364,-98.95833333333316,7000.0,-1.0,42.0,192.0,52315.142857142855,98074.35233773863,-47.261904761904766,57.035743830795894,13.357142857142856,16.298767615496953,7.166666666666666,8.159736565172194,7.166666666666666,8.159736565172194,3.214285714285714,3.056665761072494,0.0,0.0,0.0,0.0,1.0,0.0
8000.0,1.467765294,-3.7971193126092355E-13,8000.0,94.575,14.702054176970513,-91.18942731277514,-94.61883408071769,8000.0,-1.0,42.0,223.0,68125.85714285716,135516.34123487253,-55.261904761904766,69.01822294671472,15.642857142857142,19.72224376065522,8.309523809523812,9.871091311002598,8.309523809523812,9.871091311002598,3.5714285714285716,3.29924497750664,0.0,0.0,0.0,0.0,1.0,0.0
9000.0,1.686343497,-4.3625826869780817E-13,9000.0,94.81111111111112,14.093930101523519,-83.13725490196082,-87.55020080321313,9000.0,-1.0,42.0,250.0,89886.16666666666,190314.33167492665,-65.76190476190474,92.1263208923565,18.642857142857142,26.324264452301485,9.80952380952381,13.170991953380147,9.80952380952381,13.170991953380147,3.9047619047619055,3.634586726663061,0.0,0.0,0.0,0.0,1.0,0.0
10000.0,1.882305259,-4.869537166733708E-13,10000.0,94.98,15.485369877773714,-78.6476868327402,-82.54545454545483,10000.0,-1.0,42.0,276.0,110277.59523809524,218522.14784453376,-76.83333333333333,104.05742239009932,21.80952380952381,29.730692111456946,11.404761904761905,14.865346055728473,11.404761904761905,14.865346055728473,4.404761904761904,3.994261272458237,0.0,0.0,0.0,0.0,1.0,0.0
11000.0,2.059233494,-5.327251776018076E-13,11000.0,95.08181818181818,15.267908464281643,-72.84345047923368,-76.22149837133578,11000.0,-1.0,42.0,302.0,130659.52380952383,278182.8674683947,-85.76190476190479,119.37189470333406,24.357142857142858,34.108736759735734,12.666666666666668,17.063249149699345,12.666666666666668,17.063249149699345,4.61904761904762,4.316459597991362,0.0,0.0,0.0,0.0,1.0,0.0
12000.0,2.248685032,-5.817364259726471E-13,12000.0,95.19166666666666,15.401156013146226,-71.21661721068251,-74.32024169184328,12000.0,-1.0,42.0,331.0,143811.73809523808,322698.15420198604,-91.76190476190477,134.20912140929215,26.07142857142857,38.34782587225669,13.523809523809522,19.18235736071178,13.523809523809522,19.18235736071178,4.642857142857142,4.377444563432339,0.0,0.0,0.0,0.0,1.0,0.0
13000.0,2.381696867,-6.161466828133497E-13,13000.0,95.27692307692308,16.608404685976687,-68.21917808219142,-71.03064066852363,13000.0,-1.0,42.0,358.0,153362.92857142858,332740.77684715536,-94.9285714285714,142.15731458701777,26.976190476190474,40.61868373126331,13.976190476190474,20.31758591291514,13.976190476190474,20.31758591291514,4.7857142857142865,4.425732483322651,0.0,0.0,0.0,0.0,1.0,0.0
14000.0,2.5787157,-6.671155958125989E-13,14000.0,95.27142857142857,16.971781335134665,-65.08728179551086,-67.59493670886049,14000.0,-1.0,42.0,384.0,183760.88095238092,384667.18861216947,-105.83333333333333,158.7702614942715,30.0952380952381,45.36293185550613,15.547619047619051,22.681465927753067,15.547619047619051,22.681465927753067,5.000000000000002,4.643379761526737,0.0,0.0,0.0,0.0,1.0,0.0
15000.0,2.903830046,-7.512229096351398E-13,15000.0,95.24666666666667,16.74591179223526,-60.94808126410848,-65.04629629629596,15000.0,-1.0,42.0,414.0,221147.16666666663,445497.75564680167,-124.42857142857143,184.54970152914032,35.40476190476191,52.73082105340594,18.19047619047619,26.373710205650145,18.19047619047619,26.373710205650145,5.523809523809523,4.993840573161201,0.0,0.0,0.0,0.0,1.0,0.0
16000.0,3.081098868,-7.970824806640545E-13,16000.0,95.1125,16.18362164193543,-64.285714285714,-68.17204301075274,16000.0,-1.0,42.0,440.0,248994.47619047618,484596.1062946276,-133.92857142857142,192.53766091619616,38.11904761904762,55.0131702107034,19.547619047619047,27.515142067110737,19.547619047619047,27.515142067110737,5.690476190476192,5.062960163913054,0.0,0.0,0.0,0.0,1.0,0.0
17000.0,3.23196051,-8.361104953413208E-13,17000.0,95.17058823529412,15.510165264586561,-67.20977596741344,-71.39874739039693,17000.0,-1.0,42.0,466.0,276758.02380952385,568034.1948912758,-142.26190476190476,207.09089079421608,40.499999999999986,59.171206742106186,20.738095238095237,29.594049767634793,20.738095238095237,29.594049767634793,5.738095238095238,5.065712209140037,0.0,0.0,0.0,0.0,1.0,0.0
18000.0,3.422712787,-8.85458245821711E-13,18000.0,95.22222222222221,15.293371394407302,-65.70327552986498,-69.62524654832353,18000.0,-1.0,42.0,494.0,311613.02380952385,703112.7656288624,-153.7619047619047,232.10361537350968,43.78571428571429,66.31761555125593,22.380952380952383,33.16694827094337,22.380952380952383,33.16694827094337,5.904761904761905,5.211663859635465,0.0,0.0,0.0,0.0,1.0,0.0
19000.0,3.575828691,-9.250694396905601E-13,19000.0,95.3736842105263,15.351517509427797,-64.91557223264583,-68.71401151631525,19000.0,-1.0,42.0,525.0,346164.2619047619,785461.122055221,-162.09523809523805,243.37673391455795,46.16666666666668,69.53851947702734,23.571428571428577,34.777440723481384,23.571428571428577,34.777440723481384,5.976190476190477,5.298357293691546,0.0,0.0,0.0,0.0,1.0,0.0
20000.0,3.743637613,-9.68481727824029E-13,20000.0,95.33500000000001,14.99050818455539,-68.10810810810767,-71.82320441988934,20000.0,-1.0,42.0,553.0,378615.2619047618,876625.6297930165,-169.59523809523805,257.4792494148028,48.3095238095238,73.56778460355477,24.64285714285714,36.791980454767206,24.64285714285714,36.791980454767206,6.023809523809525,5.325905832667685,0.0,0.0,0.0,0.0,1.0,0.0
21000.0,3.906097851,-1.0105103075814745E-12,21000.0,95.35714285714286,14.699193318915938,-67.81411359724623,-71.35325131810195,21000.0,-1.0,42.0,582.0,412492.61904761905,1005126.3899650353,-179.42857142857142,281.84307542276616,51.11904761904762,80.528801810421,26.047619047619047,40.2722154301972,26.047619047619047,40.2722154301972,6.1190476190476195,5.518051887380496,0.0,0.0,0.0,0.0,1.0,0.0
22000.0,4.140442846,-1.071135525384711E-12,22000.0,94.89999999999999,16.748516235556963,-67.21311475409867,-69.23076923076943,22000.0,-1.0,42.0,611.0,449033.2619047619,1160390.5734709739,-194.09523809523807,321.53069948059164,55.30952380952381,91.86800926653946,28.142857142857142,45.941410953714936,28.142857142857142,45.941410953714936,6.309523809523809,5.536962693144404,0.0,0.0,0.0,0.0,1.0,0.0
23000.0,4.350096603,-1.125373102258891E-12,23000.0,94.45217391304348,17.577393221327647,-70.81659973226253,-71.50537634408597,23000.0,-1.0,42.0,638.0,487757.5,1317710.7068863371,-207.16666666666666,360.82594389624745,59.04761904761905,103.09312682749925,30.023809523809526,51.546563413749624,30.023809523809526,51.546563413749624,6.428571428571427,5.683278241292102,0.0,0.0,0.0,0.0,1.0,0.0
24000.0,4.563539517,-1.180590936758866E-12,24000.0,94.46666666666667,17.472341893195747,-70.03841229193333,-70.91377091377072,24000.0,-1.0,42.0,669.0,530239.9761904762,1474643.0610709847,-220.92857142857144,397.65246456975115,62.976190476190474,113.61691906282572,31.976190476190474,56.81527109005117,31.976190476190474,56.81527109005117,6.690476190476189,5.895380975041621,0.0,0.0,0.0,0.0,1.0,0.0
25000.0,4.760733027,-1.231605038822939E-12,25000.0,94.516,17.09775631819713,-68.6346863468635,-69.88847583643135,25000.0,-1.0,42.0,700.0,574485.9761904762,1684016.8174798177,-232.42857142857144,433.6581289706209,66.26190476190477,123.90418397309868,33.61904761904762,61.9586614276012,33.61904761904762,61.9586614276012,6.809523809523812,6.017203366438416,0.0,0.0,0.0,0.0,1.0,0.0
26000.0,5.018993069,-1.2984170963884228E-12,26000.0,94.36538461538461,16.77070510617518,-68.58457997698515,-69.75666280417117,26000.0,-1.0,42.0,731.0,628059.6904761905,1911126.8769216288,-249.09523809523813,490.791039411902,71.02380952380952,140.22777430870315,36.0,70.12010602026129,36.0,70.12010602026129,6.976190476190476,6.11071867250827,0.0,0.0,0.0,0.0,1.0,0.0
27000.0,5.408662457,-1.3992248457442555E-12,27000.0,94.23703703703704,16.64150256727383,-70.0546448087432,-71.17711771177127,27000.0,-1.0,42.0,761.0,682623.6428571428,2112755.769234023,-267.8333333333333,540.1915611745778,76.38095238095238,154.34044604987938,38.69047619047619,77.17022302493969,38.69047619047619,77.17022302493969,7.166666666666667,6.33964170206559,0.0,0.0,0.0,0.0,1.0,0.0
28000.0,5.725325098,-1.4811456974388824E-12,28000.0,94.25,16.48022160680007,-70.37037037037062,-71.09458023379393,28000.0,-1.0,42.0,792.0,741906.619047619,2159054.7366332645,-289.09523809523813,568.234055586244,82.45238095238095,162.3543553512189,41.71428571428572,81.18340744634523,41.71428571428572,81.18340744634523,7.476190476190478,6.20479002706031,0.0,0.0,0.0,0.0,1.0,0.0
29000.0,6.088530892,-1.575107296100921E-12,29000.0,94.11379310344827,15.960855614679057,-71.55778894472365,-72.25025227043407,29000.0,-1.0,42.0,822.0,799353.5952380954,2199413.0176708964,-307.42857142857144,585.9078485296482,87.69047619047618,167.40406617074575,44.333333333333336,83.70845650862827,44.333333333333336,83.70845650862827,7.666666666666667,6.226092485843463,0.0,0.0,0.0,0.0,1.0,0.0
30000.0,6.367376479,-1.6472448488800889E-12,30000.0,93.90666666666667,15.322362854422083,-73.2701421800946,-73.5992402659067,30000.0,-1.0,42.0,853.0,856964.7142857143,2253187.9551598937,-323.5952380952381,598.7818960198792,92.3095238095238,171.082420316148,46.64285714285713,85.5478247157042,46.64285714285713,85.5478247157042,7.857142857142858,6.221800494529556,0.0,0.0,0.0,0.0,1.0,0.0
31000.0,6.606525542,-1.7091128825106554E-12,31000.0,93.79032258064515,15.01638720456533,-75.15923566878969,-75.318761384335,31000.0,-1.0,42.0,882.0,907486.5714285714,2335366.936538178,-338.2619047619047,613.6603517368907,96.50000000000001,175.33344539240292,48.73809523809525,87.67346833530614,48.73809523809525,87.67346833530614,7.857142857142857,6.357524554958396,0.0,0.0,0.0,0.0,1.0,0.0
32000.0,6.883595485,-1.7807910749171343E-12,32000.0,93.60000000000001,14.473213539280891,-77.316017316017,-76.85664939550915,32000.0,-1.0,42.0,913.0,958816.1666666666,2458009.905870372,-354.0952380952381,634.6495406828609,101.02380952380952,181.33038007006184,51.0,90.67201681966903,51.0,90.67201681966903,8.119047619047619,6.466432578351068,0.0,0.0,0.0,0.0,1.0,0.0
33000.0,7.114239883,-1.8404589456299113E-12,33000.0,93.46969696969697,14.51910671955666,-76.78424938474161,-75.77487765089721,33000.0,-1.0,42.0,943.0,1014597.7857142857,2633973.3750350885,-366.76190476190476,658.1456881314649,104.64285714285714,188.0435628600486,52.8095238095238,94.02859920290419,52.8095238095238,94.02859920290419,8.238095238095237,6.4119154468868,0.0,0.0,0.0,0.0,1.0,0.0
34000.0,7.327973822,-1.895752068505519E-12,34000.0,93.28529411764706,14.172411329652935,-78.2201405152225,-77.38927738927774,34000.0,-1.0,42.0,970.0,1069596.3095238095,2841404.593374092,-378.5952380952381,685.4549516259099,108.02380952380952,195.8461925251471,54.5,97.92985294362988,54.5,97.92985294362988,8.357142857142858,6.53628308105451,0.0,0.0,0.0,0.0,1.0,0.0
35000.0,7.53157598,-1.948424092390471E-12,35000.0,93.19142857142857,13.912633001395157,-77.96863330843908,-76.9116555308095,35000.0,-1.0,42.0,998.0,1124742.3095238095,3075756.461387658,-388.83333333333337,714.641609536767,110.95238095238093,204.18331701050482,55.97619047619047,102.09165850525241,55.97619047619047,102.09165850525241,8.380952380952383,6.581394251247986,0.0,0.0,0.0,0.0,1.0,0.0
36000.0,7.744686089,-2.0035558299989336E-12,36000.0,93.05277777777778,13.59363253132736,-77.50177430802025,-76.49964714184928,36000.0,-1.0,42.0,1027.0,1181876.1190476192,3340777.070413009,-400.0952380952381,748.3517436151888,114.16666666666669,213.81664320293007,57.57142857142858,106.91486078392465,57.57142857142858,106.91486078392465,8.380952380952383,6.581394251247986,0.0,0.0,0.0,0.0,1.0,0.0
37000.0,7.946645113,-2.055802773942964E-12,37000.0,92.71621621621622,13.583525788334553,-81.72623061362087,-79.90654205607487,37000.0,-1.0,42.0,1055.0,1240923.7142857143,3632483.6471665036,-411.09523809523796,787.422309277241,117.3095238095238,224.9796183825828,59.142857142857146,112.49619428328675,59.142857142857146,112.49619428328675,8.404761904761903,6.589198566351301,0.0,0.0,0.0,0.0,1.0,0.0
38000.0,8.225715753,-2.1279985480941833E-12,38000.0,92.63684210526316,13.54177379178147,-81.33506156837336,-79.47402180885172,38000.0,-1.0,42.0,1082.0,1303472.1666666667,3685638.035265588,-430.26190476190476,807.5576566148444,122.78571428571425,230.73261218892776,61.880952380952365,115.37282141397976,61.880952380952365,115.37282141397976,8.571428571428571,6.626417408034694,0.0,0.0,0.0,0.0,1.0,0.0
39000.0,8.562191871,-2.215045160458734E-12,39000.0,92.52820512820513,13.729714800211548,-80.43343653250761,-78.55392156862727,39000.0,-1.0,42.0,1110.0,1372771.2380952379,3917035.1078703417,-451.42857142857133,847.3644979195758,128.83333333333331,242.10599539897825,64.9047619047619,121.05951157436931,64.9047619047619,121.05951157436931,8.761904761904765,6.698414533231065,0.0,0.0,0.0,0.0,1.0,0.0
40000.0,8.792148049,-2.274534988165316E-12,40000.0,92.50500000000001,13.732834285357129,-79.19904363418998,-77.50148016577866,40000.0,-1.0,42.0,1139.0,1432048.0476190476,4226683.425596007,-466.7619047619048,901.5921908010054,133.21428571428572,257.5995697347457,67.0952380952381,128.8061143685439,67.0952380952381,128.8061143685439,8.785714285714286,6.686483323350885,0.0,0.0,0.0,0.0,1.0,0.0
41000.0,8.982763921,-2.3238474505746532E-12,41000.0,92.5609756097561,13.755575369282083,-78.88563049853346,-77.32558139534858,41000.0,-1.0,42.0,1168.0,1498391.7619047621,4587799.447488432,-476.2619047619047,939.8993734288225,135.92857142857142,268.5444408747623,68.45238095238095,134.2784152389015,68.45238095238095,134.2784152389015,8.80952380952381,6.736279986787581,0.0,0.0,0.0,0.0,1.0,0.0
42000.0,9.191390869,-2.377819391226189E-12,42000.0,92.62380952380951,13.611767474714833,-77.53581661891124,-76.22298065984101,42000.0,-1.0,42.0,1194.0,1568614.6904761903,4820488.908161594,-490.66666666666663,980.0990658406876,140.04761904761904,280.0283045259108,70.52380952380952,140.0141522629554,70.52380952380952,140.0141522629554,8.880952380952383,6.728905180228534,0.0,0.0,0.0,0.0,1.0,0.0
43000.0,9.394690731,-2.430413210919748E-12,43000.0,92.66511627906976,13.525124620145323,-76.69467787114853,-75.5147468002227,43000.0,-1.0,42.0,1221.0,1642784.2142857146,5088930.062763639,-503.7619047619047,1012.670962609947,143.7857142857143,289.336291444814,72.38095238095238,144.67422653486383,72.38095238095238,144.67422653486383,8.952380952380954,6.778561545919861,0.0,0.0,0.0,0.0,1.0,0.0
44000.0,9.663526246,-2.499961150913603E-12,44000.0,92.48636363636363,13.70273637265686,-77.64642665233737,-76.41408751334039,44000.0,-1.0,42.0,1247.0,1710380.4761904762,5185367.61557151,-520.9285714285714,1043.2747549354935,148.6904761904762,298.0802386733689,74.83333333333331,149.04622243708235,74.83333333333331,149.04622243708235,9.0,6.857433211042047,0.0,0.0,0.0,0.0,1.0,0.0
45000.0,9.900160788,-2.5611786761631567E-12,45000.0,92.46222222222222,13.530291547203632,-78.05774278215219,-77.12793733681454,45000.0,-1.0,42.0,1275.0,1787600.9999999998,5332929.350394002,-534.4285714285714,1066.0928926454433,152.54761904761907,304.59971352908013,76.76190476190476,152.30598366347274,76.76190476190476,152.30598366347274,9.023809523809522,6.901707442464546,0.0,0.0,0.0,0.0,1.0,0.0
46000.0,10.10585551,-2.6143920478514498E-12,46000.0,92.38695652173912,13.345797239966856,-79.31387608806988,-78.30957230142582,46000.0,-1.0,42.0,1303.0,1853546.4285714284,5490499.692898951,-546.7619047619048,1089.3938079304744,156.07142857142858,311.25712003666547,78.52380952380953,155.6346939337925,78.52380952380953,155.6346939337925,9.023809523809522,6.901707442464546,0.0,0.0,0.0,0.0,1.0,0.0
47000.0,10.524110868,-2.7225950080901383E-12,47000.0,92.4063829787234,13.145782874450356,-77.82760338814153,-76.85827552031719,47000.0,-1.0,42.0,1333.0,1959869.5952380951,5578641.997869514,-573.8333333333334,1114.4514108540002,163.80952380952382,318.4146888154286,82.40476190476191,159.2073444077143,82.40476190476191,159.2073444077143,9.071428571428571,7.037851865805178,0.0,0.0,0.0,0.0,1.0,0.0
48000.0,11.260845534,-2.913188793075581E-12,48000.0,92.3625,13.266060278619324,-76.33477633477636,-75.15527950310552,48000.0,-1.0,42.0,1362.0,2075550.880952381,5590181.858596645,-617.4285714285714,1139.5840093146771,176.26190476190476,325.5973167268091,88.61904761904762,162.805278331906,88.61904761904762,162.805278331906,9.785714285714285,7.333636885281191,0.0,0.0,0.0,0.0,1.0,0.0
49000.0,11.595271971,-2.9997051514995593E-12,49000.0,92.41632653061225,13.183416510626698,-75.28301886792462,-74.70615890926165,49000.0,-1.0,42.0,1390.0,2156929.6904761908,5636335.390088148,-637.9285714285714,1152.5466689213986,182.1190476190476,329.30097452552593,91.54761904761904,164.65724968018134,91.54761904761904,164.65724968018134,10.11904761904762,7.305869277513535,0.0,0.0,0.0,0.0,1.0,0.0
50000.0,11.870413813,-3.0708845427984163E-12,50000.0,92.50399999999999,13.13499264811002,-73.7598516458046,-74.56916627852833,50000.0,-1.0,42.0,1417.0,2229628.2142857146,5698634.371143303,-653.2619047619048,1165.1795435714012,186.5,332.9103922503662,93.73809523809524,166.46204570321134,93.73809523809524,166.46204570321134,10.190476190476195,7.235542676019017,0.0,0.0,0.0,0.0,1.0,0.0
51000.0,12.079378562,-3.1249438728102377E-12,51000.0,92.60196078431373,13.1902118703268,-71.4220808723308,-73.79087977890339,51000.0,-1.0,42.0,1447.0,2309107.6190476194,5816337.915867182,-664.0952380952381,1176.0528403908581,189.5952380952381,336.0170625403338,95.28571428571428,168.01542985389634,95.28571428571428,168.01542985389634,10.214285714285714,7.270171985370368,0.0,0.0,0.0,0.0,1.0,0.0
52000.0,12.467909428,-3.2254570857104325E-12,52000.0,92.42307692307692,14.089637072954883,-69.97411561691125,-70.04747518342677,52000.0,-1.0,42.0,1476.0,2413926.071428571,6190140.060292995,-697.095238095238,1251.2022278987208,199.02380952380952,357.48828997333663,100.0,178.75095087586078,100.0,178.75095087586078,10.523809523809522,7.272527977419276,0.0,0.0,0.0,0.0,1.0,0.0
53000.0,12.748607172,-3.298073792830109E-12,53000.0,92.25660377358491,14.040643878226646,-69.58677685950389,-68.95841910251127,53000.0,-1.0,42.0,1500.0,2492416.785714286,6583670.913101657,-717.7619047619047,1321.5265343353424,204.92857142857142,377.5809002544141,102.95238095238098,188.79708456576932,102.95238095238098,188.79708456576932,10.547619047619047,7.295847067798332,0.0,0.0,0.0,0.0,1.0,0.0
54000.0,12.987952545,-3.359992611998071E-12,54000.0,92.20555555555555,13.892465621428723,-68.96828582898442,-68.22541966426866,54000.0,-1.0,42.0,1528.0,2578210.2380952383,7035401.523717039,-735.5952380952381,1390.5205738565087,210.02380952380958,397.29343386219165,105.50000000000003,198.653178594891,105.50000000000003,198.653178594891,10.690476190476193,7.4194474031232245,0.0,0.0,0.0,0.0,1.0,0.0
55000.0,13.230839431,-3.42282762311192E-12,55000.0,92.14363636363636,13.808246419914951,-68.19774231218373,-67.54556029468792,55000.0,-1.0,42.0,1558.0,2661397.2619047617,7484984.58679872,-752.4285714285716,1452.450782388623,214.83333333333331,414.98774102767425,107.90476190476188,207.50019800446734,107.90476190476188,207.50019800446734,10.714285714285715,7.418782078355747,0.0,0.0,0.0,0.0,1.0,0.0
56000.0,13.45335299,-3.480392039960457E-12,56000.0,92.1125,13.63900175411784,-67.88293424553406,-66.80513595166177,56000.0,-1.0,42.0,1585.0,2739322.976190476,7917118.562255609,-766.9285714285714,1512.809813346967,218.97619047619048,432.23313989577196,109.97619047619048,216.12276187335686,109.97619047619048,216.12276187335686,10.761904761904765,7.3875621372799225,0.0,0.0,0.0,0.0,1.0,0.0
57000.0,13.671438171,-3.5368108322533467E-12,57000.0,92.13157894736842,13.665979288304793,-67.28832525177188,-66.23424759080801,57000.0,-1.0,42.0,1613.0,2825231.880952381,8403269.294827797,-778.9285714285714,1566.7997115894977,222.40476190476193,447.6587909865089,111.6904761904762,223.83546745869083,111.6904761904762,223.83546745869083,10.785714285714285,7.356880682720833,0.0,0.0,0.0,0.0,1.0,0.0
58000.0,13.920769046,-3.6013129079300495E-12,58000.0,92.08620689655173,13.708186199880753,-66.48531011969521,-65.34582132564833,58000.0,-1.0,42.0,1641.0,2917015.476190476,8929674.567820963,-795.0952380952382,1636.9190842156659,227.02380952380955,467.69285773398065,114.00000000000001,233.8523611795876,114.00000000000001,233.8523611795876,10.833333333333332,7.331577764732855,0.0,0.0,0.0,0.0,1.0,0.0
59000.0,14.169914004,-3.66576688674589E-12,59000.0,92.12372881355932,13.617058246724659,-65.60940841054862,-64.49557522123871,59000.0,-1.0,42.0,1669.0,3008363.3571428573,9461466.718770083,-809.2619047619047,1697.2304852249065,231.0714285714286,484.9246555938226,116.02380952380952,242.46815109891998,116.02380952380952,242.46815109891998,10.857142857142854,7.380169303932251,0.0,0.0,0.0,0.0,1.0,0.0
60000.0,14.453182721,-3.739048706419352E-12,60000.0,92.14833333333333,13.504875265299757,-65.5887521968366,-64.43280977312408,60000.0,-1.0,42.0,1701.0,3120675.5952380956,1.004727633764036E7,-820.7619047619048,1756.3734783885027,234.35714285714283,501.8226205629942,117.66666666666667,250.91701734536844,117.66666666666667,250.91701734536844,10.738095238095237,7.450845503861678,0.0,0.0,0.0,0.0,1.0,0.0
61000.0,14.729825823,-3.810616474753867E-12,61000.0,92.2,13.479367676962713,-65.1509892398471,-63.95589248793945,61000.0,-1.0,42.0,1731.0,3226157.880952381,1.0599676024814364E7,-838.5952380952382,1806.2130719934971,239.45238095238096,516.062493964752,120.21428571428571,258.0369169763274,120.21428571428571,258.0369169763274,10.904761904761905,7.450027087230259,0.0,0.0,0.0,0.0,1.0,0.0
62000.0,14.964169002,-3.871241222756604E-12,62000.0,92.17096774193548,13.419266296724128,-65.15821708063966,-63.93110435663615,62000.0,-1.0,42.0,1759.0,3323561.738095239,1.1164626510426037E7,-853.7619047619047,1863.679717191088,243.78571428571425,532.4815139681095,122.38095238095238,266.24635138972167,122.38095238095238,266.24635138972167,10.952380952380953,7.463577841276868,0.0,0.0,0.0,0.0,1.0,0.0
63000.0,15.209388232,-3.934679612931278E-12,63000.0,92.08095238095238,13.244220487947594,-65.03473370823663,-63.25261780104705,63000.0,-1.0,42.0,1785.0,3408183.380952381,1.1667722421510486E7,-870.9285714285713,1939.6620071782074,248.69047619047615,554.1907080443469,124.83333333333331,277.100837212268,124.83333333333331,277.100837212268,11.000000000000002,7.437544834872035,0.0,0.0,0.0,0.0,1.0,0.0
64000.0,15.457011428,-3.998739910829398E-12,64000.0,91.9625,13.14468417269559,-65.13643659711059,-63.09448319594143,64000.0,-1.0,42.0,1815.0,3498307.6666666665,1.2210921514471048E7,-883.9285714285717,1997.4742269817766,252.40476190476193,570.7084625665401,126.6904761904762,285.3596351457217,126.6904761904762,285.3596351457217,11.04761904761905,7.424259447186672,0.0,0.0,0.0,0.0,1.0,0.0
65000.0,15.680075755,-4.056446811753429E-12,65000.0,91.83846153846153,12.938162854730443,-65.72945954389266,-62.980030721966095,65000.0,-1.0,42.0,1841.0,3599950.690476191,1.2830089770222088E7,-901.0952380952381,2074.111691250413,257.3095238095238,592.6048528441206,129.14285714285714,296.30773155117555,129.14285714285714,296.30773155117555,11.071428571428573,7.455208875197414,0.0,0.0,0.0,0.0,1.0,0.0
66000.0,15.892512348,-4.111404310291012E-12,66000.0,91.7469696969697,12.808366382396466,-64.9106872540117,-61.87221396731049,66000.0,-1.0,42.0,1866.0,3703228.666666667,1.3463052884630745E7,-913.9285714285714,2134.1569809092684,260.9761904761905,609.7606282874648,130.97619047619048,304.8855433457466,130.97619047619048,304.8855433457466,11.095238095238095,7.4533002145539164,0.0,0.0,0.0,0.0,1.0,0.0
67000.0,16.107194374,-4.166942703951564E-12,67000.0,91.7134328358209,12.573830345473358,-64.11469110257167,-61.20789779326379,67000.0,-1.0,42.0,1890.0,3810819.4047619044,1.4127092752830872E7,-928.1666666666666,2206.9552242373697,265.04761904761904,630.5586354963913,133.02380952380952,315.27931774819564,133.02380952380952,315.27931774819564,11.095238095238095,7.4533002145539164,0.0,0.0,0.0,0.0,1.0,0.0
68000.0,16.317757301,-4.221415483754956E-12,68000.0,91.63235294117648,12.428476248810073,-64.11883472742991,-60.96181046676081,68000.0,-1.0,42.0,1918.0,3903974.761904762,1.4702948814012645E7,-940.9285714285713,2271.3068484138307,268.69047619047615,648.9462561119518,134.83333333333334,324.4781864716563,134.83333333333334,324.4781864716563,11.11904761904762,7.503502859892094,0.0,0.0,0.0,0.0,1.0,0.0
69000.0,16.563654727,-4.285029323719856E-12,69000.0,91.46521739130435,12.249364862772623,-64.8194794290512,-61.12175102599179,69000.0,-1.0,42.0,1943.0,4013098.8809523806,1.5380059610157633E7,-957.7619047619048,2353.300731349883,273.49999999999994,672.3730544796124,137.2380952380952,336.1914966440936,137.2380952380952,336.1914966440936,11.11904761904762,7.503502859892094,0.0,0.0,0.0,0.0,1.0,0.0
70000.0,16.788609936,-4.34322539716959E-12,70000.0,91.36857142857143,12.38556615281295,-64.22941016580586,-59.84126984126963,70000.0,-1.0,42.0,1968.0,4101453.1428571427,1.5929279451148752E7,-972.5952380952382,2427.969412146338,277.73809523809524,693.7069409893281,139.3571428571429,346.85836157791505,139.3571428571429,346.85836157791505,11.16666666666667,7.486301853863126,0.0,0.0,0.0,0.0,1.0,0.0
71000.0,17.062669667,-4.414124845578853E-12,71000.0,91.30845070422535,12.440083075853774,-64.16600159616921,-59.78767477990685,71000.0,-1.0,42.0,1995.0,4210584.999999999,1.6611156061341906E7,-984.5952380952378,2489.977226455988,281.1666666666667,711.4234414243954,141.07142857142858,355.7165487662924,141.07142857142858,355.7165487662924,11.214285714285714,7.472015153421578,0.0,0.0,0.0,0.0,1.0,0.0
72000.0,17.31906651,-4.48045489223053E-12,72000.0,91.22638888888889,12.498849058898632,-64.03531550246689,-59.359233097881045,72000.0,-1.0,42.0,2024.0,4332289.833333333,1.7374158093628097E7,-1001.9285714285716,2580.0921461409857,286.1190476190476,737.1705366576612,143.54761904761904,368.59000968297454,143.54761904761904,368.59000968297454,11.214285714285714,7.472015153421578,0.0,0.0,0.0,0.0,1.0,0.0
73000.0,17.577350925,-4.547273255108545E-12,73000.0,91.18767123287671,12.386795288620053,-63.89808917197468,-59.35100322021305,73000.0,-1.0,42.0,2054.0,4450722.452380952,1.8118302542858265E7,-1015.0952380952381,2646.1924953441685,289.8809523809524,756.0563342793637,145.42857142857144,378.03285073778153,145.42857142857144,378.03285073778153,11.238095238095235,7.479433667779164,0.0,0.0,0.0,0.0,1.0,0.0
74000.0,17.813121107,-4.608267169807934E-12,74000.0,91.10000000000001,12.294356554562835,-64.44444444444446,-59.69932104752647,74000.0,-1.0,42.0,2082.0,4557816.999999999,1.8792480444922023E7,-1028.4285714285716,2715.737128904435,293.69047619047615,775.9262124868305,147.33333333333331,387.9677297786422,147.33333333333331,387.9677297786422,11.238095238095235,7.479433667779164,0.0,0.0,0.0,0.0,1.0,0.0
75000.0,18.034509592,-4.6655405292080506E-12,75000.0,91.09333333333333,12.139645226832142,-64.41053408811227,-59.77038985888521,75000.0,-1.0,42.0,2106.0,4660721.547619048,1.9441548732279744E7,-1040.2619047619046,2772.13860438615,297.0714285714286,792.0409078144688,149.02380952380955,396.0250354303028,149.02380952380955,396.0250354303028,11.261904761904765,7.51278430348619,0.0,0.0,0.0,0.0,1.0,0.0
76000.0,18.270868681,-4.726686794569509E-12,76000.0,91.0657894736842,12.149123815020138,-63.890900313782176,-59.38967136150238,76000.0,-1.0,42.0,2133.0,4779702.404761906,2.0194155407794442E7,-1052.0952380952383,2839.32309701539,300.45238095238096,811.2364607425478,150.7142857142857,405.62275431160293,150.7142857142857,405.62275431160293,11.285714285714286,7.500522629874157,0.0,0.0,0.0,0.0,1.0,0.0
77000.0,18.559714478,-4.801411408827537E-12,77000.0,91.01428571428572,12.07475147460128,-63.99620763214019,-59.497464269248454,77000.0,-1.0,42.0,2159.0,4903365.642857144,2.0976492234866593E7,-1067.7619047619048,2913.2653191868344,304.92857142857144,832.3627959260383,152.95238095238093,416.1858726626229,152.95238095238093,416.1858726626229,11.357142857142858,7.410675979079031,0.0,0.0,0.0,0.0,1.0,0.0
78000.0,18.782456762,-4.859034996997151E-12,78000.0,91.02692307692307,12.00165834485318,-63.48983882270496,-59.06818181818184,78000.0,-1.0,42.0,2189.0,5028895.690476191,2.1773105904305033E7,-1079.7619047619048,2973.382206647178,308.3571428571429,849.539037746384,154.66666666666669,424.77395231947276,154.66666666666669,424.77395231947276,11.38095238095238,7.391334349161304,0.0,0.0,0.0,0.0,1.0,0.0
79000.0,19.006294346,-4.916941940060093E-12,79000.0,91.01392405063291,11.94856487775938,-64.13872832369955,-59.70753655793043,79000.0,-1.0,42.0,2213.0,5129094.666666667,2.240907100548156E7,-1089.5952380952383,3018.520305078615,311.1666666666667,862.4356297412314,156.07142857142858,431.22222174838896,156.07142857142858,431.22222174838896,11.38095238095238,7.391334349161304,0.0,0.0,0.0,0.0,1.0,0.0
80000.0,19.211726454,-4.970087373318772E-12,80000.0,91.03750000000001,12.060449695938724,-63.437428766810996,-59.01530272787755,80000.0,-1.0,42.0,2243.0,5239608.071428571,2.3111407421573356E7,-1101.9285714285713,3086.5568344572066,314.6904761904762,881.8746243530405,157.83333333333334,440.9416706442804,157.83333333333334,440.9416706442804,11.404761904761902,7.444295651490881,0.0,0.0,0.0,0.0,1.0,0.0
81000.0,19.450897917,-5.031961201845358E-12,81000.0,90.99876543209876,12.148363774115857,-63.146117699709315,-58.70700914235978,81000.0,-1.0,42.0,2271.0,5352898.714285714,2.3830774958651364E7,-1113.2619047619046,3148.4980550896967,317.92857142857144,899.5721040490725,159.45238095238096,449.79036864510573,159.45238095238096,449.79036864510573,11.404761904761902,7.444295651490881,0.0,0.0,0.0,0.0,1.0,0.0
82000.0,19.70377029,-5.0973794655874374E-12,82000.0,90.96585365853659,12.23975186267183,-62.77741155789932,-58.9358506758206,82000.0,-1.0,42.0,2300.0,5478050.380952381,2.462666201287468E7,-1126.595238095238,3221.129146512657,321.73809523809524,920.3238311176738,161.3571428571429,460.16618532706957,161.3571428571429,460.16618532706957,11.404761904761902,7.444295651490881,0.0,0.0,0.0,0.0,1.0,0.0
83000.0,19.931977277,-5.156416776331349E-12,83000.0,90.9710843373494,12.273925732444452,-60.71198799056402,-58.83849088596856,83000.0,-1.0,42.0,2325.0,5589663.404761905,2.533533405130629E7,-1137.595238095238,3271.0075650643917,324.88095238095235,934.5748009938687,162.92857142857142,467.2916461679978,162.92857142857142,467.2916461679978,11.428571428571429,7.434733440012614,0.0,0.0,0.0,0.0,1.0,0.0
84000.0,20.142840705,-5.21096729595835E-12,84000.0,90.97142857142858,12.280328044276319,-58.89377749842867,-58.760728490684464,84000.0,-1.0,42.0,2355.0,5714329.238095237,2.613031601631751E7,-1150.5952380952385,3344.925979417429,328.5952380952381,955.6943347327041,164.78571428571428,477.8513666104017,164.78571428571428,477.8513666104017,11.428571428571429,7.434733440012614,0.0,0.0,0.0,0.0,1.0,0.0
85000.0,20.423875691,-5.2836712478246125E-12,85000.0,90.90352941176471,12.680831339282921,-58.93114080164443,-58.54008611851561,85000.0,-1.0,42.0,2384.0,5854762.0476190485,2.702667536541963E7,-1165.5952380952383,3422.669576119472,332.8809523809524,977.9067789972759,166.92857142857142,488.95754680585225,166.92857142857142,488.95754680585225,11.500000000000002,7.428521173778013,0.0,0.0,0.0,0.0,1.0,0.0
86000.0,20.707569252,-5.3570629749447105E-12,86000.0,90.75930232558139,13.238278704941827,-58.97179435887181,-57.58477096966084,86000.0,-1.0,42.0,2406.0,5961588.880952381,2.7706641105769478E7,-1181.0952380952378,3506.9385148311394,337.3095238095238,1001.9836055349126,169.14285714285714,500.9959140784931,169.14285714285714,500.9959140784931,11.523809523809522,7.464511469281096,0.0,0.0,0.0,0.0,1.0,0.0
87000.0,20.96535643,-5.4237527022552156E-12,87000.0,90.716091954023,13.200215304288033,-59.278248866101166,-57.630757220921225,87000.0,-1.0,42.0,2434.0,6083279.285714285,2.848115425773282E7,-1192.095238095238,3563.4395128078413,340.4523809523809,1018.1267399752987,170.7142857142857,509.0674537562459,170.7142857142857,509.0674537562459,11.571428571428571,7.4084423073681815,0.0,0.0,0.0,0.0,1.0,0.0
88000.0,21.209554592,-5.486926941408051E-12,88000.0,90.675,13.052566180312885,-59.37075160225288,-57.6863950807072,88000.0,-1.0,42.0,2460.0,6204922.142857143,2.925647343580931E7,-1205.095238095238,3633.2790122632173,344.16666666666663,1038.080872752207,172.57142857142853,519.0444852807401,172.57142857142853,519.0444852807401,11.595238095238095,7.398284322566804,0.0,0.0,0.0,0.0,1.0,0.0
89000.0,21.460900258,-5.551950244957374E-12,89000.0,90.63146067415731,13.057012177526072,-59.42638623326948,-57.826992239257955,89000.0,-1.0,42.0,2490.0,6342566.642857144,3.0136160557515968E7,-1218.2619047619048,3699.510192098434,347.92857142857144,1057.0040587147112,174.45238095238093,528.5060491787989,174.45238095238093,528.5060491787989,11.595238095238095,7.398284322566804,0.0,0.0,0.0,0.0,1.0,0.0
90000.0,21.743369481,-5.625025234961261E-12,90000.0,90.58666666666667,13.151511452785659,-59.038858644640555,-57.23830734966596,90000.0,-1.0,42.0,2513.0,6469399.904761905,3.0945024953887857E7,-1233.6666666666667,3781.5358517901145,352.3333333333334,1080.4388147971754,176.6666666666667,540.2194073985877,176.6666666666667,540.2194073985877,11.595238095238095,7.398284322566804,0.0,0.0,0.0,0.0,1.0,0.0
91000.0,22.016602495,-5.69571081109138E-12,91000.0,90.53626373626373,13.205182502458438,-59.39292985378486,-57.46937282867061,91000.0,-1.0,42.0,2541.0,6595328.785714285,3.1749781873803195E7,-1245.595238095238,3846.591326378706,355.7380952380952,1099.0272208511913,178.35714285714283,549.5175631995836,178.35714285714283,549.5175631995836,11.595238095238095,7.398284322566804,0.0,0.0,0.0,0.0,1.0,0.0
92000.0,22.312270713,-5.7722003905413054E-12,92000.0,90.5304347826087,13.248679909098444,-59.29786066922653,-57.25631768953085,92000.0,-1.0,42.0,2572.0,6752506.5476190485,3.275669867716648E7,-1255.2619047619048,3900.0120016045717,358.50000000000006,1114.2902641066764,179.73809523809527,557.1490609112898,179.73809523809527,557.1490609112898,11.619047619047619,7.391334349161304,0.0,0.0,0.0,0.0,1.0,0.0
93000.0,22.536213088,-5.83013444311089E-12,93000.0,90.5516129032258,13.206596575229653,-59.32910244786934,-57.19141323792495,93000.0,-1.0,42.0,2600.0,6896677.2142857155,3.368140657688187E7,-1264.5952380952383,3950.3378124119836,361.1666666666667,1128.669061148349,181.07142857142858,564.338438193164,181.07142857142858,564.338438193164,11.619047619047619,7.391334349161304,0.0,0.0,0.0,0.0,1.0,0.0
94000.0,22.781479769,-5.893585108893199E-12,94000.0,90.51382978723404,13.146805543439264,-60.00358873138336,-57.85094707027777,94000.0,-1.0,42.0,2629.0,7050627.333333334,3.466750174044227E7,-1274.9285714285716,4008.214153721155,364.1190476190476,1145.205151551692,182.54761904761907,572.6064584107527,182.54761904761907,572.6064584107527,11.619047619047619,7.391334349161304,0.0,0.0,0.0,0.0,1.0,0.0
95000.0,23.016493622,-5.9543833607393835E-12,95000.0,90.51052631578948,13.184746599765026,-59.92549228312938,-57.79800455102397,95000.0,-1.0,42.0,2659.0,7209182.976190477,3.568456783161114E7,-1287.4285714285713,4073.046927701831,367.6904761904762,1163.7287943229528,184.33333333333334,581.8682554209903,184.33333333333334,581.8682554209903,11.666666666666668,7.347362781120745,0.0,0.0,0.0,0.0,1.0,0.0
96000.0,23.27251204,-6.020615508572923E-12,96000.0,90.46041666666666,13.36969810053982,-59.68613775065401,-57.35395189003428,96000.0,-1.0,42.0,2684.0,7347593.476190476,3.6570406429997645E7,-1301.4285714285713,4141.258546436344,371.6904761904762,1183.2178218964698,186.33333333333337,591.6127468846685,186.33333333333337,591.6127468846685,11.809523809523814,7.2725279774192755,0.0,0.0,0.0,0.0,1.0,0.0
97000.0,23.642596562,-6.116356639088028E-12,97000.0,90.36082474226804,13.44743650173941,-60.51502145922743,-57.77927775902789,97000.0,-1.0,42.0,2714.0,7532842.690476189,3.720051696564182E7,-1330.095238095238,4214.599924938765,379.88095238095235,1204.172506124595,190.42857142857142,602.0901051948281,190.42857142857142,602.0901051948281,11.857142857142861,7.327101142322642,0.0,0.0,0.0,0.0,1.0,0.0
98000.0,23.958678949,-6.198127378657874E-12,98000.0,90.30102040816327,13.65843124125878,-60.53031582502963,-57.550140891761835,98000.0,-1.0,42.0,2740.0,7683918.714285713,3.800991451528684E7,-1351.7619047619048,4301.499357481737,386.07142857142856,1229.0009107710043,193.52380952380955,614.5042911237673,193.52380952380955,614.5042911237673,11.880952380952383,7.315877757557924,0.0,0.0,0.0,0.0,1.0,0.0
99000.0,24.272055334,-6.2791980735750665E-12,99000.0,90.25959595959596,13.73178021373711,-60.315876974230974,-56.924328722538654,99000.0,-1.0,42.0,2769.0,7854855.142857143,3.908729824879807E7,-1369.6666666666667,4380.735641901671,391.1904761904761,1251.6387548290488,196.09523809523805,625.8193774145244,196.09523809523805,625.8193774145244,11.904761904761903,7.307895909552545,0.0,0.0,0.0,0.0,1.0,0.0
100000.0,24.552480681,-6.351744311396033E-12,100000.0,90.19,13.725420557002375,-60.34651847008817,-56.809462915601095,100000.0,-1.0,42.0,2797.0,8003006.30952381,4.0030016498756245E7,-1385.2619047619048,4457.451574553444,395.64285714285717,1273.5586749758615,198.30952380952382,636.7831306786014,198.30952380952382,636.7831306786014,11.952380952380954,7.374816677183736,0.0,0.0,0.0,0.0,1.0,0.0
101000.0,24.844739882,-6.427351975710028E-12,101000.0,90.0910891089109,13.610833333185207,-61.28928283642205,-57.65595463138007,101000.0,-1.0,42.0,2821.0,8151356.285714286,4.097026751046939E7,-1399.0952380952378,4527.631167697793,399.59523809523813,1293.6099811733848,200.28571428571428,646.8087622418948,200.28571428571428,646.8087622418948,11.976190476190474,7.386500855592125,0.0,0.0,0.0,0.0,1.0,0.0
102000.0,25.094061177,-6.49185157303388E-12,102000.0,90.04117647058824,13.535128844917828,-61.93208990913438,-58.1996573742408,102000.0,-1.0,42.0,2852.0,8328373.952380952,4.210211729995674E7,-1412.0952380952383,4592.603564744469,403.30952380952385,1312.173517825556,202.14285714285717,656.0905117298081,202.14285714285717,656.0905117298081,11.976190476190474,7.386500855592125,0.0,0.0,0.0,0.0,1.0,0.0
103000.0,25.392020171,-6.568933777873301E-12,103000.0,89.91941747572815,13.629546370242934,-62.61550509005468,-58.374008541793685,103000.0,-1.0,42.0,2876.0,8464987.38095238,4.297297653069252E7,-1426.4285714285716,4667.854451212072,407.40476190476187,1333.673764539392,204.1904761904762,666.8406120343184,204.1904761904762,666.8406120343184,11.976190476190474,7.386500855592125,0.0,0.0,0.0,0.0,1.0,0.0
104000.0,25.732435862,-6.65699956059042E-12,104000.0,89.7875,13.74398026011377,-63.65177195685662,-58.949416342412405,104000.0,-1.0,42.0,2903.0,8616054.095238093,4.393942652461588E7,-1439.2619047619048,4738.666448508554,411.0714285714286,1353.905757300547,206.02380952380955,676.956585706554,206.02380952380955,676.956585706554,11.999999999999998,7.391491482878365,0.0,0.0,0.0,0.0,1.0,0.0
105000.0,26.27235885,-6.7966780237232655E-12,105000.0,89.74666666666667,13.808415499484711,-63.69165272920782,-58.83741516671598,105000.0,-1.0,42.0,2928.0,8818526.023809524,4.425789827187661E7,-1473.2619047619046,4774.074064531813,420.7857142857142,1364.0222359913148,210.88095238095238,682.0148844088144,210.88095238095238,682.0148844088144,11.976190476190476,7.750650941154195,0.0,0.0,0.0,0.0,1.0,0.0
106000.0,26.719564631,-6.912370479096556E-12,106000.0,89.69056603773585,13.820488728552005,-63.37270145014185,-58.42273122644234,106000.0,-1.0,42.0,2952.0,8987402.404761905,4.499833490829748E7,-1503.1666666666667,4849.98201111407,429.3333333333333,1385.7091460325914,215.16666666666666,692.8545730162957,215.16666666666666,692.8545730162957,12.095238095238095,7.761095986878255,0.0,0.0,0.0,0.0,1.0,0.0
107000.0,27.209163943,-7.039030171258168E-12,107000.0,89.65607476635515,13.864525608952702,-63.22076389913002,-58.13687669667081,107000.0,-1.0,42.0,2977.0,9165346.595238095,4.505660661555746E7,-1534.7619047619048,4883.336863000313,438.3571428571429,1395.2401982459485,219.66666666666663,697.6239348470956,219.66666666666663,697.6239348470956,12.285714285714285,7.865595706544757,0.0,0.0,0.0,0.0,1.0,0.0
108000.0,27.612188181,-7.143292829860002E-12,108000.0,89.63425925925927,13.789663725504889,-63.21621227584202,-58.14380562226303,108000.0,-1.0,42.0,3004.0,9350849.69047619,4.506475406200677E7,-1559.9285714285716,4888.648959918282,445.5476190476191,1396.7579569703717,223.26190476190476,698.3828728211639,223.26190476190476,698.3828728211639,12.428571428571425,7.8899221212974835,0.0,0.0,0.0,0.0,1.0,0.0
109000.0,27.937853058,-7.2275425664459665E-12,109000.0,89.62110091743119,13.742088339788449,-63.08202392965262,-57.95867076235679,109000.0,-1.0,42.0,3028.0,9503178.214285715,4.509144798184835E7,-1579.4285714285713,4891.1610380002385,451.1190476190476,1397.475706885689,226.04761904761907,698.741794397684,226.04761904761907,698.741794397684,12.619047619047622,8.108870123550133,0.0,0.0,0.0,0.0,1.0,0.0
110000.0,28.232978028,-7.303891607249777E-12,110000.0,89.57454545454546,13.787012697026771,-63.385097592249615,-58.28847481021403,110000.0,-1.0,42.0,3055.0,9673815.738095239,4.514607890300896E7,-1596.7619047619048,4895.13558849322,456.0714285714286,1398.611304165447,228.5238095238095,699.3096330195331,228.5238095238095,699.3096330195331,12.64285714285714,8.126504149165935,0.0,0.0,0.0,0.0,1.0,0.0
111000.0,28.536065733,-7.382300613292803E-12,111000.0,89.51351351351352,13.722990005224675,-63.73610915740616,-58.58310626703005,111000.0,-1.0,42.0,3079.0,9835828.595238095,4.522229576558512E7,-1614.9285714285713,4901.04581369571,461.26190476190476,1400.2999514829357,231.11904761904765,700.1539970808844,231.11904761904765,700.1539970808844,12.64285714285714,8.126504149165935,0.0,0.0,0.0,0.0,1.0,0.0
112000.0,28.816160851,-7.4547614206353E-12,112000.0,89.49107142857143,13.647749773775718,-64.31662711154532,-59.11856157901848,112000.0,-1.0,42.0,3108.0,1.0009562833333334E7,4.533110939126794E7,-1629.7619047619044,4908.236660213085,465.5,1402.3544879081387,233.23809523809524,701.1812962570191,233.23809523809524,701.1812962570191,12.64285714285714,8.126504149165935,0.0,0.0,0.0,0.0,1.0,0.0
113000.0,29.097242568,-7.527477461844683E-12,113000.0,89.4504424778761,13.639399781016092,-64.54106280193251,-59.307764265668915,113000.0,-1.0,42.0,3137.0,1.0187685666666668E7,4.547053083982724E7,-1646.7619047619048,4917.462580906022,470.3571428571429,1404.9904751248805,235.66666666666663,702.4993244217451,235.66666666666663,702.4993244217451,12.666666666666668,8.126039645805529,0.0,0.0,0.0,0.0,1.0,0.0
114000.0,29.378949681,-7.600355293446532E-12,114000.0,89.39824561403509,13.710138819510293,-64.59212855781007,-59.424877984434765,114000.0,-1.0,42.0,3162.0,1.0342760452380951E7,4.561459894991776E7,-1661.4285714285713,4925.480361087277,474.5476190476189,1407.2812779391672,237.76190476190476,703.6447554895799,237.76190476190476,703.6447554895799,12.785714285714286,8.297915442860582,0.0,0.0,0.0,0.0,1.0,0.0
115000.0,29.69895447,-7.683140761218967E-12,115000.0,89.3808695652174,13.838152911062766,-63.19657891220108,-59.01041666666656,115000.0,-1.0,42.0,3190.0,1.0504030404761903E7,4.5745527240289405E7,-1683.5952380952383,4950.166821823201,480.88095238095235,1414.3345621792182,240.92857142857144,707.1714316895935,240.92857142857144,707.1714316895935,12.857142857142858,8.336143544745752,0.0,0.0,0.0,0.0,1.0,0.0
116000.0,30.021995913,-7.766711813552927E-12,116000.0,89.4155172413793,13.784566066351802,-62.34298558772987,-59.04145077720202,116000.0,-1.0,42.0,3219.0,1.0674945476190476E7,4.5833409162196115E7,-1707.5952380952383,4986.233722421254,487.73809523809524,1424.6393991244756,244.35714285714286,712.3238788376882,244.35714285714286,712.3238788376882,12.857142857142858,8.336143544745752,0.0,0.0,0.0,0.0,1.0,0.0
117000.0,30.37058874,-7.856893027201297E-12,117000.0,89.42051282051283,13.776451054714839,-60.983222785798006,-58.77373011800913,117000.0,-1.0,42.0,3242.0,1.0817987642857144E7,4.592525058591926E7,-1728.9285714285716,5015.422728057425,493.83333333333337,1432.9791228997954,247.40476190476193,716.4937682749036,247.40476190476193,716.4937682749036,12.857142857142858,8.336143544745752,0.0,0.0,0.0,0.0,1.0,0.0
118000.0,30.686362827,-7.938584009340657E-12,118000.0,89.44152542372882,13.726752000919204,-59.5875496349429,-58.53161979895651,118000.0,-1.0,42.0,3271.0,1.0984384380952379E7,4.605273238543661E7,-1748.4285714285716,5046.098411416522,499.40476190476187,1441.7436100257012,250.19047619047618,720.8760333905137,250.19047619047618,720.8760333905137,12.904761904761905,8.37478656097742,0.0,0.0,0.0,0.0,1.0,0.0
119000.0,30.992367736,-8.017747698144783E-12,119000.0,89.44957983193277,13.712775361399403,-58.78335651953972,-58.58279651383117,119000.0,-1.0,42.0,3295.0,1.11561735E7,4.620921429325068E7,-1767.4285714285716,5068.833416289254,504.83333333333337,1448.239333351593,252.9047619047619,724.1239218000692,252.9047619047619,724.1239218000692,12.976190476190474,8.344672888817781,0.0,0.0,0.0,0.0,1.0,0.0
120000.0,31.274901868,-8.09083948015339E-12,120000.0,89.4675,13.759258682893993,-57.338478775052884,-58.30410821643287,120000.0,-1.0,42.0,3317.0,1.1293330785714285E7,4.635245088056161E7,-1784.4285714285713,5092.823100100754,509.6904761904762,1455.093534636599,255.3333333333333,727.5510431063948,255.3333333333333,727.5510431063948,13.047619047619047,8.366461445535283,0.0,0.0,0.0,0.0,1.0,0.0
121000.0,31.537887607,-8.158874078912456E-12,121000.0,89.45206611570248,13.698477306719756,-55.93158216249229,-58.21247055906772,121000.0,-1.0,42.0,3338.0,1.1446464833333334E7,4.6531637622484095E7,-1800.2619047619046,5113.944490000457,514.2142857142857,1461.1282232127985,257.5952380952381,730.5684074921058,257.5952380952381,730.5684074921058,13.095238095238098,8.348534335539627,0.0,0.0,0.0,0.0,1.0,0.0
122000.0,31.826294696,-8.233485199097131E-12,122000.0,89.41803278688525,13.641194045489998,-54.926197047881864,-58.44378988708891,122000.0,-1.0,42.0,3363.0,1.1603149333333332E7,4.673504377407971E7,-1815.761904761905,5136.3200730822355,518.6428571428571,1467.521252123982,259.8095238095238,733.7649400347211,259.8095238095238,733.7649400347211,13.214285714285715,8.549813046838421,0.0,0.0,0.0,0.0,1.0,0.0
123000.0,32.089032581,-8.301455677849139E-12,123000.0,89.43089430894308,13.668731015219365,-53.64614111807121,-58.15085158150867,123000.0,-1.0,42.0,3390.0,1.1772657666666666E7,4.697805480163154E7,-1831.3333333333333,5162.906690608978,523.0952380952381,1475.1161973168512,262.04761904761904,737.5580986584256,262.04761904761904,737.5580986584256,13.261904761904763,8.517011739238018,0.0,0.0,0.0,0.0,1.0,0.0
124000.0,32.355797739,-8.370468015006434E-12,124000.0,89.43870967741935,13.698882588064922,-52.1905868681,-57.897275138654315,124000.0,-1.0,42.0,3419.0,1.194971995238095E7,4.725738259710186E7,-1847.5952380952383,5191.945502455181,527.7380952380953,1483.4142401169167,264.35714285714283,741.7114625838157,264.35714285714283,741.7114625838157,13.285714285714286,8.486102596730136,0.0,0.0,0.0,0.0,1.0,0.0
124136.0,32.397893175,-8.381358134405068E-12,124136.0,89.44705806534769,13.69690950814679,-52.16633755372294,-57.90742526518802,124136.0,-1.0,42.0,3422.0,1.197167907142857E7,4.729381886350544E7,-1849.7619047619048,5195.166134152034,528.3571428571429,1484.3344212865334,264.6666666666667,742.1715555625793,264.6666666666667,742.1715555625793,13.285714285714286,8.486102596730136,0.0,0.0,0.0,0.0,1.0,0.0
