learning evaluation instances,evaluation time (cpu seconds),model cost (RAM-Hours),classified instances,classifications correct (percent),Kappa Statistic (percent),Kappa Temporal Statistic (percent),Kappa M Statistic (percent),model training instances,model serialized size (bytes),ensemble size,change detections,[avg] model training instances,[err] model training instances,[avg] model serialized size (bytes),[err] model serialized size (bytes),[avg] tree size (nodes),[err] tree size (nodes),[avg] tree size (leaves),[err] tree size (leaves),[avg] active learning leaves,[err] active learning leaves,[avg] tree depth,[err] tree depth,[avg] active leaf byte size estimate,[err] active leaf byte size estimate,[avg] inactive leaf byte size estimate,[err] inactive leaf byte size estimate,[avg] byte size estimate overhead,[err] byte size estimate overhead
1000.0,0.240184528,-6.213590916660097E-14,1000.0,82.39999999999999,18.85661595205165,-274.4680851063828,-291.11111111111086,1000.0,-1.0,42.0,20.0,2175.404761904762,3152.2084636054055,-5.42857142857143,5.292161055855631,1.4047619047619047,1.515119311240486,1.1904761904761907,0.7726449737860468,1.1904761904761907,0.7726449737860468,0.21428571428571427,0.7501451659744554,0.0,0.0,0.0,0.0,1.0,0.0
2000.0,0.35826966,-9.268461726605893E-14,2000.0,89.2,19.330141396335492,-195.89041095890425,-204.22535211267623,2000.0,-1.0,42.0,49.0,6565.166666666666,11722.761490858058,-13.166666666666666,15.803544935245549,3.6190476190476195,4.515298552927299,2.309523809523809,2.25764927646365,2.309523809523809,2.25764927646365,0.9999999999999998,1.4979661007594232,0.0,0.0,0.0,0.0,1.0,0.0
3000.0,0.450800723,-1.1662246943968867E-13,3000.0,90.26666666666667,16.8356535806238,-228.08988764045014,-235.63218390804585,3000.0,-1.0,42.0,73.0,12285.238095238092,21611.78993818355,-17.428571428571438,21.60639342726587,4.833333333333332,6.1759433629822285,2.904761904761904,3.098461646700558,2.904761904761904,3.098461646700558,1.4285714285714284,2.073560119201816,0.0,0.0,0.0,0.0,1.0,0.0
4000.0,0.536598943,-1.3881853031408456E-13,4000.0,91.975,18.45832896729755,-169.74789915966352,-174.3589743589745,4000.0,-1.0,42.0,103.0,19255.666666666668,29502.16965949939,-25.928571428571427,29.006637471820184,7.261904761904763,8.290633927362718,4.119047619047619,4.156701207027802,4.119047619047619,4.156701207027802,2.214285714285715,2.311537491565493,0.0,0.0,0.0,0.0,1.0,0.0
5000.0,0.638059602,-1.650664753591021E-13,5000.0,92.36,17.601309405788996,-163.4482758620688,-169.01408450704253,5000.0,-1.0,42.0,131.0,28883.119047619042,43451.97417570311,-32.92857142857143,34.30806835143839,9.261904761904761,9.805572143627275,5.119047619047619,4.914897120489319,5.119047619047619,4.914897120489319,2.595238095238095,2.460017091052307,0.0,0.0,0.0,0.0,1.0,0.0
6000.0,0.706389132,-1.8274337363739808E-13,6000.0,92.58333333333333,15.59201924122599,-140.54054054054032,-144.50549450549474,6000.0,-1.0,42.0,157.0,39704.21428571428,88590.72985488524,-39.26190476190476,49.333143029422324,11.071428571428573,14.097903073866673,6.023809523809525,7.058943800073068,6.023809523809525,7.058943800073068,2.9523809523809526,3.1231033733458053,0.0,0.0,0.0,0.0,1.0,0.0
7000.0,0.7599721,-1.9660532577998107E-13,7000.0,93.22857142857143,14.857582755966147,-143.07692307692358,-146.8749999999997,7000.0,-1.0,42.0,182.0,51571.45238095238,151012.1182273862,-43.42857142857143,59.564329994263396,12.261904761904765,17.020876025446967,6.6190476190476195,8.519568238666023,6.6190476190476195,8.519568238666023,3.1904761904761907,3.416160269545935,0.0,0.0,0.0,0.0,1.0,0.0
8000.0,0.861580022,-2.2289136786841682E-13,8000.0,93.55,14.304042117238133,-127.31277533039618,-131.39013452914813,8000.0,-1.0,42.0,210.0,68786.30952380954,191898.14351807145,-56.00000000000001,86.05415198100978,15.857142857142858,24.586900566002797,8.428571428571429,12.293450283001398,8.428571428571429,12.293450283001398,3.3571428571428577,3.7011628269743824,0.0,0.0,0.0,0.0,1.0,0.0
9000.0,0.968265751,-2.504910422592527E-13,9000.0,93.91111111111111,14.35867462234986,-114.90196078431379,-120.08032128514093,9000.0,-1.0,42.0,236.0,89900.07142857143,244855.9786746121,-69.09523809523812,101.91646735554863,19.59523809523809,29.121326963039806,10.285714285714285,14.569071340385918,10.285714285714285,14.569071340385918,3.833333333333333,3.7671019246323962,0.0,0.0,0.0,0.0,1.0,0.0
10000.0,1.054079225,-2.726910493543578E-13,10000.0,94.07,13.847271406519413,-111.03202846975087,-115.63636363636395,10000.0,-1.0,42.0,263.0,110722.30952380953,334814.83159694716,-80.26190476190474,125.95799910187047,22.785714285714292,35.990199014274815,11.880952380952381,18.00298400869115,11.880952380952381,18.00298400869115,4.023809523809524,3.9291784981279467,0.0,0.0,0.0,0.0,1.0,0.0
11000.0,1.138666081,-2.945737294956213E-13,11000.0,94.21818181818182,14.789294729164906,-103.19488817891396,-107.16612377850163,11000.0,-1.0,42.0,287.0,132166.14285714284,378876.38166245946,-86.59523809523812,138.8289102393108,24.595238095238102,39.66755725681146,12.785714285714288,19.841488577965794,12.785714285714288,19.841488577965794,4.238095238095237,3.9187449696363172,0.0,0.0,0.0,0.0,1.0,0.0
12000.0,1.242231021,-3.2136605354025953E-13,12000.0,94.325,14.11252499402244,-102.07715133531134,-105.74018126888237,12000.0,-1.0,42.0,315.0,151014.14285714284,459341.9686917772,-97.76190476190476,162.18625389465333,27.78571428571428,46.3410136600218,14.380952380952381,23.177946184136985,14.380952380952381,23.177946184136985,4.261904761904761,4.012538420510679,0.0,0.0,0.0,0.0,1.0,0.0
13000.0,1.326044829,-3.430487456110616E-13,13000.0,94.51538461538462,14.55921487025471,-95.34246575342453,-98.6072423398331,13000.0,-1.0,42.0,339.0,172621.35714285716,487545.3071948774,-108.0952380952381,176.80164019819273,30.738095238095248,50.51686968837895,15.857142857142861,25.26597193814428,15.857142857142861,25.26597193814428,4.523809523809522,4.318073730649086,0.0,0.0,0.0,0.0,1.0,0.0
14000.0,1.429451639,-3.698001613116098E-13,14000.0,94.24285714285713,13.55618177869416,-100.99750623441375,-104.0506329113923,14000.0,-1.0,42.0,365.0,202029.73809523814,592544.1529922233,-123.33333333333336,208.285412374775,35.095238095238095,59.51011782136429,18.047619047619047,29.755058910682145,18.047619047619047,29.755058910682145,4.857142857142858,4.475251340925996,0.0,0.0,0.0,0.0,1.0,0.0
15000.0,1.518791285,-3.9291239162493076E-13,15000.0,94.01333333333334,13.327691590199514,-102.70880361173822,-107.87037037036988,15000.0,-1.0,42.0,393.0,229488.71428571432,711443.2262592429,-134.42857142857142,242.98882267349435,38.261904761904766,69.42729466905563,19.61904761904762,34.720453226327265,19.61904761904762,34.720453226327265,5.095238095238096,4.903008154828853,0.0,0.0,0.0,0.0,1.0,0.0
16000.0,1.612516565,-4.171591885905298E-13,16000.0,94.10625,13.508754028481098,-98.10924369747855,-102.79569892473117,16000.0,-1.0,42.0,419.0,258380.21428571426,821968.7765769106,-147.76190476190476,275.5950377906322,42.07142857142858,78.74329792840223,21.523809523809526,39.37823968568583,21.523809523809526,39.37823968568583,5.190476190476191,4.875214042771241,0.0,0.0,0.0,0.0,1.0,0.0
17000.0,1.689111992,-4.3697448033425534E-13,17000.0,94.17058823529412,12.90946689138127,-101.83299389002039,-106.88935281837198,17000.0,-1.0,42.0,442.0,288570.880952381,918018.6393089434,-158.16666666666666,296.318049026484,45.047619047619065,84.66229972185258,23.023809523809533,42.33114986092629,23.023809523809533,42.33114986092629,5.357142857142857,4.972222492576076,0.0,0.0,0.0,0.0,1.0,0.0
18000.0,1.779662185,-4.603998800222243E-13,18000.0,94.2611111111111,12.708848094805028,-99.03660886319831,-103.7475345167654,18000.0,-1.0,42.0,468.0,323041.07142857136,1053890.3498878577,-167.9285714285714,324.4634890848721,47.83333333333334,92.70564922578335,24.40476190476191,46.35918070142937,24.40476190476191,46.35918070142937,5.404761904761904,5.070524694115521,0.0,0.0,0.0,0.0,1.0,0.0
19000.0,1.875542629,-4.852042194559341E-13,19000.0,94.37894736842105,13.033911760106243,-100.37523452157633,-104.99040307101768,19000.0,-1.0,42.0,493.0,359174.9523809524,1063414.3582630192,-177.76190476190476,328.68799124173563,50.64285714285714,93.91273100754853,25.809523809523807,46.96300469011549,25.809523809523807,46.96300469011549,5.809523809523809,5.047279369720349,0.0,0.0,0.0,0.0,1.0,0.0
20000.0,1.980892845,-5.124583956785499E-13,20000.0,94.405,12.606821369514304,-101.62162162162144,-106.0773480662985,20000.0,-1.0,42.0,519.0,394705.76190476184,1085653.9046118099,-190.26190476190473,334.1826621536316,54.214285714285715,95.48273645886188,27.5952380952381,47.74835434467721,27.5952380952381,47.74835434467721,6.047619047619048,5.174762306087729,0.0,0.0,0.0,0.0,1.0,0.0
21000.0,2.071428778,-5.358801062943206E-13,21000.0,94.36666666666666,12.196311559422817,-103.6144578313257,-107.90861159929732,21000.0,-1.0,42.0,540.0,429502.49999999994,1126797.3693989972,-204.42857142857142,346.5140086463364,58.26190476190477,99.00605044921086,29.619047619047617,49.51026125766814,29.619047619047617,49.51026125766814,6.19047619047619,5.264877156689321,0.0,0.0,0.0,0.0,1.0,0.0
22000.0,2.240069859,-5.795076745562255E-13,22000.0,94.05,12.50660081763999,-95.08196721311492,-97.43589743589747,22000.0,-1.0,42.0,570.0,476627.8333333333,1167602.4586607297,-232.5952380952381,375.903533261174,66.3095238095238,107.40315844364241,33.642857142857146,53.70916324080906,33.642857142857146,53.70916324080906,6.404761904761903,5.323942807271574,0.0,0.0,0.0,0.0,1.0,0.0
23000.0,2.328594699,-6.024091139746208E-13,23000.0,93.8695652173913,12.425009019440973,-88.75502008032151,-89.51612903225808,23000.0,-1.0,42.0,591.0,507512.1666666667,1206019.377113391,-247.16666666666663,392.4907279729235,70.47619047619047,112.14020799226387,35.73809523809524,56.070103996131934,35.73809523809524,56.070103996131934,6.523809523809524,5.411091117767758,0.0,0.0,0.0,0.0,1.0,0.0
24000.0,2.409692358,-6.23389136356612E-13,24000.0,93.80833333333334,12.344663026502717,-90.26888604353364,-91.24839124839085,24000.0,-1.0,42.0,616.0,542578.9761904761,1272582.9123642736,-258.5952380952381,410.34405906024705,73.73809523809524,117.24334908045088,37.357142857142854,58.6293947038936,37.357142857142854,58.6293947038936,6.6190476190476195,5.4322989830806945,0.0,0.0,0.0,0.0,1.0,0.0
25000.0,2.49294615,-6.449269518877069E-13,25000.0,93.848,12.140743901693524,-89.17589175891769,-90.5824039653038,25000.0,-1.0,42.0,638.0,577134.2857142856,1346459.8308240199,-269.7619047619048,430.2854304808475,76.92857142857142,122.94087273219313,38.95238095238095,61.4781152340358,38.95238095238095,61.4781152340358,6.642857142857142,5.440684267274406,0.0,0.0,0.0,0.0,1.0,0.0
26000.0,2.628967413,-6.80115749904265E-13,26000.0,93.76153846153846,11.776334305016924,-86.65132336018428,-87.94901506373084,26000.0,-1.0,42.0,664.0,628942.9999999999,1504726.0986705334,-293.09523809523813,488.76253945732293,83.5952380952381,139.64852387574183,42.285714285714285,69.83160431833478,42.285714285714285,69.83160431833478,6.7142857142857135,5.632162493696422,0.0,0.0,0.0,0.0,1.0,0.0
27000.0,2.73428516,-7.073615263733598E-13,27000.0,93.63333333333334,11.439410956165815,-87.86885245901652,-89.10891089108931,27000.0,-1.0,42.0,691.0,673017.0238095239,1694123.4384687108,-310.095238095238,540.2743119674423,88.45238095238098,154.36608410211767,44.71428571428572,77.19006814486602,44.71428571428572,77.19006814486602,6.80952380952381,5.730696527869996,0.0,0.0,0.0,0.0,1.0,0.0
28000.0,2.844229087,-7.358040989169643E-13,28000.0,93.675,11.371731743243235,-87.40740740740779,-88.20403825717342,28000.0,-1.0,42.0,716.0,718128.2380952381,1883983.026497136,-327.42857142857144,590.232411556302,93.40476190476188,168.6397603095397,47.19047619047619,84.3266697086868,47.19047619047619,84.3266697086868,6.738095238095238,5.80184799747722,0.0,0.0,0.0,0.0,1.0,0.0
29000.0,2.955641839,-7.646266575385298E-13,29000.0,93.63448275862069,11.392751389468138,-85.52763819095487,-86.27648839556028,29000.0,-1.0,42.0,743.0,771940.0238095239,2101617.8372990037,-345.2619047619047,639.2106053763124,98.50000000000001,182.63347941951403,49.738095238095234,91.32334927669187,49.738095238095234,91.32334927669187,6.833333333333333,5.809649948174607,0.0,0.0,0.0,0.0,1.0,0.0
30000.0,3.060811933,-7.918342360709275E-13,30000.0,93.51666666666667,11.56281822608018,-84.36018957345955,-84.71035137701783,30000.0,-1.0,42.0,769.0,821552.0238095238,2217258.8453298453,-362.5952380952381,676.1874130281832,103.45238095238093,193.19826823201947,52.21428571428571,96.60569485669903,52.21428571428571,96.60569485669903,6.928571428571429,5.93621731055966,0.0,0.0,0.0,0.0,1.0,0.0
31000.0,3.14472181,-8.135417812607354E-13,31000.0,93.47096774193548,11.69865587295422,-84.1674249317559,-84.33515482695782,31000.0,-1.0,42.0,793.0,863307.7380952381,2341338.6561425636,-372.595238095238,700.8451712918572,106.3095238095238,200.24332613893117,53.64285714285715,100.1281669950268,53.64285714285715,100.1281669950268,6.976190476190477,6.042484125081199,0.0,0.0,0.0,0.0,1.0,0.0
32000.0,3.267588063,-8.453273687822123E-13,32000.0,93.396875,11.652060476317954,-82.94372294372272,-82.46977547495659,32000.0,-1.0,42.0,819.0,920587.9285714285,2511777.529882659,-392.9285714285713,741.5715149914336,112.1190476190476,211.87941835162297,56.54761904761905,105.94619029533455,56.54761904761905,105.94619029533455,7.11904761904762,6.053430315370201,0.0,0.0,0.0,0.0,1.0,0.0
33000.0,3.397572808,-8.78954515275028E-13,33000.0,93.34545454545454,11.541400975329639,-80.14766201804765,-79.11908646003268,33000.0,-1.0,42.0,841.0,975999.9047619049,2721146.652882745,-414.59523809523813,801.8067725235153,118.3095238095238,229.0894476597209,59.642857142857146,114.5510476107085,59.642857142857146,114.5510476107085,7.166666666666667,6.128369323817364,0.0,0.0,0.0,0.0,1.0,0.0
34000.0,3.516257268,-9.096582699567079E-13,34000.0,93.27352941176471,11.128921341483622,-78.53239656518323,-77.70007770007783,34000.0,-1.0,42.0,865.0,1030065.9523809523,2945207.789579548,-429.16666666666674,843.2008966032473,122.47619047619047,240.91454188664213,61.738095238095234,120.45727094332106,61.738095238095234,120.45727094332106,7.166666666666667,6.128369323817364,0.0,0.0,0.0,0.0,1.0,0.0
35000.0,3.626385022,-9.381483986766801E-13,35000.0,93.23142857142858,10.792991508372825,-76.9230769230767,-75.87230883444704,35000.0,-1.0,42.0,885.0,1075986.0714285714,3152860.1682548686,-445.4285714285715,894.3051027053008,127.1190476190476,255.51747612237583,64.04761904761905,127.76482824179828,64.04761904761905,127.76482824179828,7.214285714285714,6.082905733305321,0.0,0.0,0.0,0.0,1.0,0.0
36000.0,3.759438453,-9.72569416432331E-13,36000.0,93.08333333333333,10.836894221044986,-76.72107877927644,-75.72335920959804,36000.0,-1.0,42.0,912.0,1135795.619047619,3294729.55876109,-465.9285714285715,925.61068550173,132.97619047619048,264.4619469233701,66.97619047619048,132.23712775111713,66.97619047619048,132.23712775111713,7.380952380952381,6.191860829691062,0.0,0.0,0.0,0.0,1.0,0.0
37000.0,3.930897587,-1.0169260170207255E-12,37000.0,93.01351351351352,10.650484650006337,-74.30883344571807,-72.56341789052087,37000.0,-1.0,42.0,936.0,1203710.023809524,3530863.876629672,-496.76190476190465,984.6576180860127,141.78571428571428,281.33250319135965,71.38095238095238,140.67241870543316,71.38095238095238,140.67241870543316,7.571428571428573,6.168934197162413,0.0,0.0,0.0,0.0,1.0,0.0
38000.0,4.032541045,-1.0432212522977757E-12,38000.0,92.9578947368421,10.55272851034319,-73.42838626053158,-71.64849262347656,38000.0,-1.0,42.0,957.0,1249062.7142857143,3758209.2777775344,-509.2619047619048,1027.4073232081078,145.3571428571429,293.54667401587767,73.16666666666667,146.77939588685658,73.16666666666667,146.77939588685658,7.571428571428573,6.168934197162413,0.0,0.0,0.0,0.0,1.0,0.0
39000.0,4.129826539,-1.0683890791713364E-12,39000.0,92.88717948717948,10.595904993955836,-71.76470588235301,-69.97549019607845,39000.0,-1.0,42.0,978.0,1296447.0714285714,4006488.2659515715,-523.5000000000001,1070.0969012424905,149.42857142857144,305.7419717835687,75.21428571428572,152.87098589178436,75.21428571428572,152.87098589178436,7.595238095238097,6.231546508945232,0.0,0.0,0.0,0.0,1.0,0.0
40000.0,4.29580387,-1.1113275334032047E-12,40000.0,92.89,10.680826215862067,-69.99402271368811,-68.38365896980491,40000.0,-1.0,42.0,997.0,1361321.7380952379,4032466.1771135153,-555.2619047619047,1107.0656459158217,158.5,316.3062154799041,79.73809523809524,158.15923737491624,79.73809523809524,158.15923737491624,7.904761904761906,6.381411740013844,0.0,0.0,0.0,0.0,1.0,0.0
41000.0,4.396078674,-1.1372686969116333E-12,41000.0,92.91219512195123,10.716319701309814,-70.43988269794694,-68.95348837209276,41000.0,-1.0,42.0,1018.0,1416114.0714285714,4081020.010421387,-568.9285714285713,1124.1634156195537,162.4047619047619,321.1913083539731,81.6904761904762,160.6018388400086,81.6904761904762,160.6018388400086,7.952380952380952,6.408654137284649,0.0,0.0,0.0,0.0,1.0,0.0
42000.0,4.502158246,-1.1647115580530632E-12,42000.0,92.91428571428571,10.613297816650826,-70.54441260744979,-69.28327645051208,42000.0,-1.0,42.0,1044.0,1480060.6904761905,4245939.165698769,-583.4285714285714,1152.3165034146703,166.54761904761904,329.23504854330855,83.76190476190476,164.6237112879995,83.76190476190476,164.6237112879995,8.023809523809524,6.471280248945713,0.0,0.0,0.0,0.0,1.0,0.0
43000.0,4.596076237,-1.1890082094921835E-12,43000.0,92.93255813953488,10.64504150444373,-70.25210084033631,-69.1151919866446,43000.0,-1.0,42.0,1067.0,1543678.8095238092,4547466.719646999,-598.7619047619048,1195.3119566185674,170.92857142857142,341.5194450670196,85.95238095238096,170.7658434432241,85.95238095238096,170.7658434432241,8.071428571428573,6.504755697940967,0.0,0.0,0.0,0.0,1.0,0.0
44000.0,4.749017097,-1.228574119353046E-12,44000.0,92.83181818181818,10.708030702601318,-69.47877485222985,-68.30309498399133,44000.0,-1.0,42.0,1094.0,1623348.5714285714,4906560.198935379,-622.4285714285713,1259.5577067862905,177.6904761904762,359.87535024222325,89.33333333333333,179.94371296991284,89.33333333333333,179.94371296991284,8.166666666666668,6.570134448142341,0.0,0.0,0.0,0.0,1.0,0.0
45000.0,4.885242629,-1.2638157619059914E-12,45000.0,92.88222222222223,10.840609100882919,-68.13648293963256,-67.25848563968665,45000.0,-1.0,42.0,1119.0,1700190.8333333335,5244347.715225104,-640.0952380952381,1311.95365045888,182.73809523809524,374.84559810113234,91.85714285714288,187.42875998545796,91.85714285714288,187.42875998545796,8.214285714285715,6.5352168467044365,0.0,0.0,0.0,0.0,1.0,0.0
46000.0,4.983442,-1.2892200094130305E-12,46000.0,92.84347826086956,10.763234339404883,-68.5611879160269,-67.6171079429737,46000.0,-1.0,42.0,1146.0,1765364.0476190476,5610568.7640694035,-653.9285714285716,1360.9023798408343,186.69047619047618,388.830923698409,93.83333333333333,194.4213323469025,93.83333333333333,194.4213323469025,8.23809523809524,6.51755424653774,0.0,0.0,0.0,0.0,1.0,0.0
47000.0,5.068913291,-1.3113314935213161E-12,47000.0,92.73617021276596,10.654193184724262,-70.1046337817638,-69.17740336967294,47000.0,-1.0,42.0,1166.0,1819992.785714286,5926482.946865846,-665.9285714285713,1406.0927595404423,190.11904761904762,401.7424367452332,95.54761904761904,200.87700427836765,95.54761904761904,200.87700427836765,8.261904761904761,6.492244994135634,0.0,0.0,0.0,0.0,1.0,0.0
48000.0,5.169981071,-1.337477800488058E-12,48000.0,92.63125,10.614451254436808,-70.12987012987027,-68.99187768752991,48000.0,-1.0,42.0,1188.0,1881948.6428571427,6290107.31430424,-679.0952380952381,1456.7103568929585,193.88095238095235,416.2045816358592,97.42857142857143,208.1079859061382,97.42857142857143,208.1079859061382,8.261904761904761,6.492244994135634,0.0,0.0,0.0,0.0,1.0,0.0
49000.0,5.268450292,-1.362951858383086E-12,49000.0,92.66326530612244,10.53167961970169,-69.57547169811346,-69.01739539257163,49000.0,-1.0,42.0,1213.0,1949071.2142857146,6690702.77608865,-687.4285714285713,1495.7578736963876,196.2619047619048,427.36099206379004,98.61904761904762,213.68611039251144,98.61904761904762,213.68611039251144,8.261904761904761,6.492244994135634,0.0,0.0,0.0,0.0,1.0,0.0
50000.0,5.337294561,-1.3807619200088083E-12,50000.0,92.72399999999999,10.503165472040473,-68.6601761706076,-69.44573823940401,50000.0,-1.0,42.0,1231.0,1996218.0,6974308.719430877,-693.2619047619048,1520.7700401765949,197.92857142857144,434.50731240062777,99.45238095238096,217.25922500057698,99.45238095238096,217.25922500057698,8.261904761904761,6.492244994135634,0.0,0.0,0.0,0.0,1.0,0.0
51000.0,5.402414245,-1.3976084288313157E-12,51000.0,92.77450980392157,10.544635304398534,-67.42389822807831,-69.73744818056177,51000.0,-1.0,42.0,1251.0,2047926.4761904762,7201578.220163317,-702.9285714285713,1547.2610638323345,200.69047619047615,442.0761709057553,100.83333333333334,221.04363509924048,100.83333333333334,221.04363509924048,8.261904761904761,6.492244994135634,0.0,0.0,0.0,0.0,1.0,0.0
52000.0,5.599538339,-1.4486045729265445E-12,52000.0,92.60576923076923,11.32072469924376,-65.87575496117346,-65.9473457056537,52000.0,-1.0,42.0,1281.0,2153647.0238095243,7274069.562710917,-733.5952380952381,1586.6155428938607,209.4523809523809,453.32033590543045,105.21428571428574,226.66581565393295,105.21428571428574,226.66581565393295,8.333333333333334,6.558058407890312,0.0,0.0,0.0,0.0,1.0,0.0
53000.0,5.740634774,-1.4851063215691182E-12,53000.0,92.47547169811321,11.218269207206575,-64.7933884297519,-64.18279127212847,53000.0,-1.0,42.0,1302.0,2230077.0,7538774.748839505,-758.5952380952381,1631.8805560595003,216.59523809523805,466.25320554832473,108.7857142857143,233.13228064501416,108.7857142857143,233.13228064501416,8.57142857142857,6.659461844304623,0.0,0.0,0.0,0.0,1.0,0.0
54000.0,5.834838862,-1.5094769865067467E-12,54000.0,92.39074074074074,11.227327032996456,-64.95383380168607,-64.22861710631496,54000.0,-1.0,42.0,1324.0,2300870.1666666665,7960346.472511139,-772.095238095238,1685.9807424402006,220.45238095238096,481.71037763475897,110.71428571428571,240.86078214667205,110.71428571428571,240.86078214667205,8.595238095238097,6.640818065274363,0.0,0.0,0.0,0.0,1.0,0.0
55000.0,5.932025057,-1.5346191246579918E-12,55000.0,92.34181818181818,11.31192778348423,-63.95484624367457,-63.319115936409474,55000.0,-1.0,42.0,1350.0,2373647.6428571423,8397899.087084815,-785.2619047619048,1740.398945847899,224.2142857142857,497.258412268137,112.59523809523809,248.63471683535187,112.59523809523809,248.63471683535187,8.619047619047622,6.636750530751719,0.0,0.0,0.0,0.0,1.0,0.0
56000.0,6.023820493,-1.5583666696006224E-12,56000.0,92.30535714285715,11.358519801598106,-63.7780311668566,-62.72658610271902,56000.0,-1.0,42.0,1369.0,2432613.6428571427,8754204.970156029,-797.7619047619049,1794.4857244065004,227.78571428571425,512.7117545030296,114.38095238095238,256.3613068080656,114.38095238095238,256.3613068080656,8.619047619047622,6.636750530751719,0.0,0.0,0.0,0.0,1.0,0.0
57000.0,6.117422912,-1.582581682337655E-12,57000.0,92.27192982456141,11.336180863187714,-64.30436404326754,-63.26908821349143,57000.0,-1.0,42.0,1392.0,2515063.6428571427,9260450.333593711,-809.7619047619048,1848.1575506898469,231.21428571428575,528.0465396947733,116.0952380952381,264.0286209101165,116.0952380952381,264.0286209101165,8.619047619047622,6.636750530751719,0.0,0.0,0.0,0.0,1.0,0.0
58000.0,6.337519715,-1.6395208826805981E-12,58000.0,92.19827586206897,11.343648570479319,-64.1276750090677,-63.004322766570496,58000.0,-1.0,42.0,1413.0,2613175.0714285714,9470867.699099325,-842.9285714285714,1890.045545881164,240.6904761904762,540.0145656615172,120.83333333333333,270.01272929945327,120.83333333333333,270.01272929945327,9.095238095238097,6.599369976616665,0.0,0.0,0.0,0.0,1.0,0.0
59000.0,6.491617461,-1.679386079777032E-12,59000.0,92.18983050847459,11.361292830390358,-64.21952957947235,-63.11504424778738,59000.0,-1.0,42.0,1435.0,2700736.666666667,9882631.887447922,-865.595238095238,1944.2247192650239,247.1666666666667,555.4943268427425,124.07142857142858,277.7526002914124,124.07142857142858,277.7526002914124,9.238095238095235,6.785240523836884,0.0,0.0,0.0,0.0,1.0,0.0
60000.0,6.710235681,-1.7359427696404357E-12,60000.0,92.22333333333333,11.339389908214654,-64.00702987697713,-62.862129144851764,60000.0,-1.0,42.0,1463.0,2821998.6428571427,9997434.382691951,-892.0952380952381,1989.1056429966613,254.73809523809518,568.3174593578113,127.85714285714282,284.16420634423224,127.85714285714282,284.16420634423224,8.833333333333334,6.977023848935725,0.0,0.0,0.0,0.0,1.0,0.0
61000.0,6.823040614,-1.7651254864823485E-12,61000.0,92.27377049180328,11.492497804467762,-63.58903158625475,-62.40523776705745,61000.0,-1.0,42.0,1491.0,2925819.738095239,1.000301951216148E7,-909.595238095238,1997.0950007268036,259.73809523809524,570.6001572808811,130.35714285714286,285.30564025684686,130.35714285714286,285.30564025684686,9.07142857142857,6.844591445495424,0.0,0.0,0.0,0.0,1.0,0.0
62000.0,6.982789411,-1.80645261451395E-12,62000.0,92.23870967741935,11.399418249383187,-63.729159578087845,-62.51266464032417,62000.0,-1.0,42.0,1516.0,3036205.904761905,1.0023381366734061E7,-932.095238095238,2001.7605886127124,266.1666666666667,571.9332178594428,133.5714285714286,285.9722946547524,133.5714285714286,285.9722946547524,9.285714285714283,6.876207527784251,0.0,0.0,0.0,0.0,1.0,0.0
63000.0,7.107754518,-1.8387811770662663E-12,63000.0,92.17460317460318,11.457364065288104,-63.083030102547,-61.32198952879582,63000.0,-1.0,42.0,1537.0,3113558.857142857,1.0073338129562711E7,-950.0952380952381,2012.6910975415756,271.30952380952385,575.0562427677046,136.1428571428571,287.53388529291226,136.1428571428571,287.53388529291226,9.404761904761902,6.949502610064539,0.0,0.0,0.0,0.0,1.0,0.0
64000.0,7.224084609,-1.86887585480387E-12,64000.0,92.0734375,11.867673863986235,-62.85714285714277,-60.84337349397574,64000.0,-1.0,42.0,1564.0,3201237.3095238097,1.0158609302945701E7,-965.5952380952382,2022.6670277983535,275.73809523809524,577.9065271504663,138.35714285714286,288.9590925076716,138.35714285714286,288.9590925076716,9.476190476190478,7.0130126271934925,0.0,0.0,0.0,0.0,1.0,0.0
65000.0,7.336826965,-1.8980423829311297E-12,65000.0,91.97999999999999,12.231412438229196,-62.855357700718685,-60.15360983102911,65000.0,-1.0,42.0,1584.0,3282933.6904761908,1.0265313904424023E7,-982.595238095238,2035.6717002494001,280.59523809523813,581.622166330527,140.78571428571428,290.81697670060845,140.78571428571428,290.81697670060845,9.5,7.047746569458714,0.0,0.0,0.0,0.0,1.0,0.0
66000.0,7.468808917,-1.93218620830319E-12,66000.0,91.82727272727273,12.351906391706006,-63.30608537693026,-60.29717682020797,66000.0,-1.0,42.0,1603.0,3368741.904761905,1.0404443327958154E7,-1001.2619047619048,2046.5461691385797,285.92857142857144,584.7291802926499,143.452380952381,292.3705635962817,143.452380952381,292.3705635962817,9.57142857142857,7.005721902332572,0.0,0.0,0.0,0.0,1.0,0.0
67000.0,7.58016922,-1.9609951983309457E-12,67000.0,91.76417910447762,12.429020099812186,-63.10966597694344,-60.22067363530784,67000.0,-1.0,42.0,1624.0,3445637.8571428573,1.0551464598461244E7,-1013.5,2057.055843651902,289.4285714285715,587.7302410434006,145.21428571428575,293.8651205217003,145.21428571428575,293.8651205217003,9.57142857142857,7.005721902332572,0.0,0.0,0.0,0.0,1.0,0.0
68000.0,7.689668616,-1.9893227703869347E-12,68000.0,91.66323529411765,12.45790312955981,-63.51312373810198,-60.367751060820254,68000.0,-1.0,42.0,1648.0,3531824.6190476194,1.074139959591033E7,-1029.0952380952378,2073.9048924441067,293.8809523809524,592.5459826710149,147.42857142857144,296.279049649691,147.42857142857144,296.279049649691,9.61904761904762,7.012018883812664,0.0,0.0,0.0,0.0,1.0,0.0
69000.0,7.796881771,-2.0170588902611705E-12,69000.0,91.5463768115942,12.578010664441427,-63.25216904561989,-59.58960328317372,69000.0,-1.0,42.0,1675.0,3627853.238095238,1.098226874269298E7,-1045.5952380952383,2093.8230067012364,298.5952380952381,598.2368834811666,149.78571428571428,299.1245385237365,149.78571428571428,299.1245385237365,9.642857142857144,6.983679331375712,0.0,0.0,0.0,0.0,1.0,0.0
70000.0,7.906502188,-2.04541777053641E-12,70000.0,91.44857142857143,12.922878997132273,-62.70725740690415,-58.35978835978831,70000.0,-1.0,42.0,1687.0,3682898.5,1.1132212310632141E7,-1060.7619047619046,2115.938940627677,302.92857142857144,604.5557285477167,151.95238095238096,302.28398474483754,151.95238095238096,302.28398474483754,9.642857142857144,6.983679331375712,0.0,0.0,0.0,0.0,1.0,0.0
71000.0,8.013151415,-2.073008001833741E-12,71000.0,91.39859154929577,12.915859572927726,-62.46342112263908,-58.13050233039889,71000.0,-1.0,42.0,1702.0,3748093.904761905,1.1322352362089876E7,-1073.0000000000002,2135.519289106596,306.4285714285715,610.1483683161703,153.71428571428575,305.07418415808513,153.71428571428575,305.07418415808513,9.666666666666666,7.024926582956931,0.0,0.0,0.0,0.0,1.0,0.0
72000.0,8.110844698,-2.0982813240132408E-12,72000.0,91.27361111111111,13.03810173588617,-63.15242794079462,-58.501513622603575,72000.0,-1.0,42.0,1723.0,3845082.8571428577,1.1628513225193173E7,-1089.095238095238,2163.5925161809773,311.02380952380946,618.1710430323229,156.00000000000003,309.09166688311956,156.00000000000003,309.09166688311956,9.666666666666666,7.024926582956931,0.0,0.0,0.0,0.0,1.0,0.0
73000.0,8.208434683,-2.1235279229262646E-12,73000.0,91.20821917808219,12.971790092395027,-63.51592356687904,-58.97944017835018,73000.0,-1.0,42.0,1742.0,3919837.547619048,1.188086613929775E7,-1101.9285714285713,2186.591661086837,314.69047619047615,624.7422293056685,157.83333333333334,312.3772669554702,157.83333333333334,312.3772669554702,9.666666666666666,7.024926582956931,0.0,0.0,0.0,0.0,1.0,0.0
74000.0,8.308900856,-2.1495185937318546E-12,74000.0,91.14324324324325,12.972202726239834,-63.64544319600506,-58.92337536372438,74000.0,-1.0,42.0,1761.0,4003862.19047619,1.2181106630865702E7,-1116.5952380952378,2215.4093940830453,318.88095238095235,632.9758675468062,159.92857142857142,316.49408678305684,159.92857142857142,316.49408678305684,9.761904761904761,7.021949989087439,0.0,0.0,0.0,0.0,1.0,0.0
75000.0,8.390004678,-2.1705002104863534E-12,75000.0,91.12533333333333,12.984847770207264,-63.81983755845441,-59.19636450609881,75000.0,-1.0,42.0,1778.0,4083066.952380953,1.2479694322652636E7,-1127.6666666666665,2240.274881507947,322.047619047619,640.0785375736992,161.5238095238095,320.0392687868496,161.5238095238095,320.0392687868496,9.80952380952381,7.026910278379459,0.0,0.0,0.0,0.0,1.0,0.0
76000.0,8.583665343,-2.220600363022338E-12,76000.0,91.12236842105264,13.214230623976745,-62.853005068790566,-58.38028169014082,76000.0,-1.0,42.0,1796.0,4191241.0000000005,1.2621691721999198E7,-1158.4285714285713,2264.4097722640086,330.83333333333326,646.9760019927104,165.9047619047619,323.49424615260835,165.9047619047619,323.49424615260835,9.92857142857143,7.079316685858598,0.0,0.0,0.0,0.0,1.0,0.0
77000.0,8.735181684,-2.259797748799126E-12,77000.0,91.1038961038961,13.3774835054848,-62.36074899265206,-57.906869525126645,77000.0,-1.0,42.0,1816.0,4292453.738095238,1.2675124714071183E7,-1181.2619047619046,2286.0282316879498,337.35714285714283,653.1527226415553,169.16666666666666,326.58266922388634,169.16666666666666,326.58266922388634,9.976190476190476,7.1208662642320295,0.0,0.0,0.0,0.0,1.0,0.0
78000.0,8.851931501,-2.2900010099531056E-12,78000.0,91.07564102564103,13.485292318046998,-62.602195748656676,-58.20454545454532,78000.0,-1.0,42.0,1837.0,4391327.142857144,1.275697301601031E7,-1201.5952380952378,2306.769476462212,343.1666666666667,659.0788071116683,172.07142857142856,329.5457622359382,172.07142857142856,329.5457622359382,9.976190476190476,7.1208662642320295,0.0,0.0,0.0,0.0,1.0,0.0
79000.0,8.969276687,-2.320358293493176E-12,79000.0,91.10759493670886,13.554495454011514,-62.427745664740065,-58.0427446569181,79000.0,-1.0,42.0,1859.0,4489102.928571427,1.2867852559628602E7,-1217.0952380952383,2325.640324198423,347.5952380952381,664.4704863978869,174.28571428571428,332.24163156076673,174.28571428571428,332.24163156076673,10.0,7.126042927521419,0.0,0.0,0.0,0.0,1.0,0.0
80000.0,9.095546619,-2.353024415206165E-12,80000.0,91.10125,13.536554019673735,-62.274903122863044,-57.88423153692619,80000.0,-1.0,42.0,1882.0,4594706.880952381,1.3019974457429659E7,-1232.9285714285713,2346.528940359409,352.1190476190476,670.4386697321698,176.54761904761904,335.22574864584675,176.54761904761904,335.22574864584675,10.0,7.126042927521419,0.0,0.0,0.0,0.0,1.0,0.0
81000.0,9.271845175,-2.3986329777269737E-12,81000.0,91.05555555555556,13.4307487855434,-62.11680465428518,-57.70570309098832,81000.0,-1.0,42.0,1906.0,4713059.19047619,1.3229382849811167E7,-1250.928571428571,2374.16336373476,357.2619047619048,678.3342243885171,179.11904761904762,339.17354377821226,179.11904761904762,339.17354377821226,10.0,7.126042927521419,0.0,0.0,0.0,0.0,1.0,0.0
82000.0,9.394350174,-2.430325108580292E-12,82000.0,91.0219512195122,13.423149986317032,-61.76664469347393,-57.94893799613813,82000.0,-1.0,42.0,1926.0,4800169.357142856,1.3408806208294036E7,-1266.9285714285713,2400.4823030917028,361.8333333333333,685.8539244555336,181.40476190476187,342.93340457991434,181.40476190476187,342.93340457991434,10.0,7.126042927521419,0.0,0.0,0.0,0.0,1.0,0.0
83000.0,9.491986089,-2.455583589617164E-12,83000.0,91.00481927710842,13.338441675380269,-60.111516191293205,-58.245019075879576,83000.0,-1.0,42.0,1941.0,4876266.571428571,1.3582438348591058E7,-1281.9285714285716,2430.5714914935797,366.1190476190476,694.4508341788883,183.54761904761907,347.2318549496198,183.54761904761907,347.2318549496198,10.0,7.126042927521419,0.0,0.0,0.0,0.0,1.0,0.0
84000.0,9.592808691,-2.4816664688599618E-12,84000.0,90.96904761904761,13.362953431172084,-58.93567986591246,-58.80259577140461,84000.0,-1.0,42.0,1954.0,4938065.047619047,1.3734437304684212E7,-1292.5952380952378,2450.3754820238473,369.16666666666663,700.1091175115234,185.07142857142858,350.06099767125204,185.07142857142858,350.06099767125204,10.0,7.126042927521419,0.0,0.0,0.0,0.0,1.0,0.0
85000.0,9.703186957,-2.510221405213493E-12,85000.0,90.89647058823529,13.560843791094934,-59.05447070914707,-58.66311256920258,85000.0,-1.0,42.0,1980.0,5055182.857142857,1.4049514751087599E7,-1309.0952380952383,2481.4422420166416,373.88095238095235,708.9853348230786,187.42857142857142,354.49910680386586,187.42857142857142,354.49910680386586,10.047619047619047,7.16002582415421,0.0,0.0,0.0,0.0,1.0,0.0
86000.0,9.835731842,-2.5445108617552464E-12,86000.0,90.7546511627907,14.555725862245716,-59.05181036207235,-57.66408883601013,86000.0,-1.0,42.0,2003.0,5181233.976190476,1.4425064043279424E7,-1327.0952380952383,2521.3638664036653,379.02380952380946,720.391509006421,190.0,360.20217899965235,190.0,360.20217899965235,10.119047619047619,7.255619793170186,0.0,0.0,0.0,0.0,1.0,0.0
87000.0,9.935748468,-2.5703852344304333E-12,87000.0,90.69770114942528,14.769485734945942,-59.593768487477625,-57.94301327088219,87000.0,-1.0,42.0,2022.0,5269766.761904761,1.4709670608700192E7,-1338.2619047619048,2546.1887257809162,382.2142857142858,727.4843233819893,191.5952380952381,363.74857703342894,191.5952380952381,363.74857703342894,10.166666666666664,7.1938885535102095,0.0,0.0,0.0,0.0,1.0,0.0
88000.0,10.048379014,-2.59952283723073E-12,88000.0,90.62613636363636,14.896123003450265,-60.20586521654676,-58.51268255188307,88000.0,-1.0,42.0,2044.0,5377548.261904762,1.507831890898252E7,-1350.5,2578.731568038829,385.7142857142857,736.7804480110942,193.35714285714286,368.3902240055471,193.35714285714286,368.3902240055471,10.166666666666664,7.1938885535102095,0.0,0.0,0.0,0.0,1.0,0.0
89000.0,10.200607896,-2.6389045578738064E-12,89000.0,90.57865168539327,14.855186655522884,-60.32504780114705,-58.71663827370802,89000.0,-1.0,42.0,2063.0,5500901.023809524,1.5145975298560431E7,-1378.6666666666665,2605.176017335645,393.7619047619048,744.3360049530415,197.3809523809524,372.16800247652077,197.3809523809524,372.16800247652077,10.23809523809524,7.166349289355767,0.0,0.0,0.0,0.0,1.0,0.0
90000.0,10.471774656,-2.7090555926164E-12,90000.0,90.51444444444444,14.872597207510024,-60.259057630936894,-58.444691907943735,90000.0,-1.0,42.0,2089.0,5674846.476190476,1.517622565373017E7,-1420.6666666666663,2625.174118886506,405.7619047619048,750.0497482532876,203.3809523809524,375.0248741266438,203.3809523809524,375.0248741266438,10.452380952380953,7.119887574312382,0.0,0.0,0.0,0.0,1.0,0.0
91000.0,10.618401282,-2.746988005625706E-12,91000.0,90.51538461538462,14.95519097019714,-59.744586340921515,-57.8167855183761,91000.0,-1.0,42.0,2110.0,5788299.000000001,1.5561144002483696E7,-1444.6666666666667,2669.4615851275225,412.61904761904765,762.703310036435,206.80952380952382,381.3516550182175,206.80952380952382,381.3516550182175,10.452380952380953,7.119887574312382,0.0,0.0,0.0,0.0,1.0,0.0
92000.0,10.744546572,-2.779621882364155E-12,92000.0,90.49565217391304,15.083543560450655,-59.88297677820435,-57.83393501805067,92000.0,-1.0,42.0,2135.0,5935589.738095237,1.6128225395410689E7,-1460.6666666666667,2710.738218835768,417.1904761904763,774.4966339530764,209.09523809523816,387.2483169765382,209.09523809523816,387.2483169765382,10.476190476190474,7.095990263274919,0.0,0.0,0.0,0.0,1.0,0.0
93000.0,10.853078464,-2.807699160443413E-12,93000.0,90.48924731182795,15.238366044937782,-60.38077969174969,-58.22898032200368,93000.0,-1.0,42.0,2161.0,6074071.880952381,1.6693782690968301E7,-1473.928571428571,2744.618000812367,420.97619047619037,784.178441866118,210.97619047619045,392.0957752644824,210.97619047619045,392.0957752644824,10.499999999999998,7.078824485573927,0.0,0.0,0.0,0.0,1.0,0.0
94000.0,10.960579208,-2.835509679797624E-12,94000.0,90.47659574468085,15.377908217550395,-60.63161672348816,-58.470525756770954,94000.0,-1.0,42.0,2183.0,6202685.476190475,1.724276281314959E7,-1487.261904761905,2781.8584861653085,424.7857142857143,794.8185722023422,212.88095238095238,397.41581114169617,212.88095238095238,397.41581114169617,10.523809523809524,7.085671199898976,0.0,0.0,0.0,0.0,1.0,0.0
95000.0,11.098740527,-2.871252111831888E-12,95000.0,90.49473684210525,15.465715926025315,-60.19159127195327,-58.06056362681608,95000.0,-1.0,42.0,2208.0,6353829.666666666,1.7573339757930227E7,-1509.9285714285713,2822.853023077091,431.2619047619048,806.5312979735613,216.1190476190476,403.27217719132545,216.1190476190476,403.27217719132545,10.499999999999996,7.161039575709525,0.0,0.0,0.0,0.0,1.0,0.0
96000.0,11.273713339,-2.9165177034317632E-12,96000.0,90.46458333333334,15.655988566475553,-59.616390584132574,-57.28522336769743,96000.0,-1.0,42.0,2230.0,6491924.214285714,1.7656954659512114E7,-1535.6666666666665,2846.6804344595757,438.6190476190477,813.3372669884502,219.80952380952385,406.6686334942251,219.80952380952385,406.6686334942251,10.523809523809524,7.16099902840275,0.0,0.0,0.0,0.0,1.0,0.0
97000.0,11.548788208,-2.987679768767623E-12,97000.0,90.44432989690722,15.583935439443234,-59.12446351931329,-56.41241984475184,97000.0,-1.0,42.0,2256.0,6672009.904761905,1.771863494922813E7,-1581.5952380952383,2874.288671785988,451.73809523809524,821.2272511464483,226.35714285714286,410.6203410206688,226.35714285714286,410.6203410206688,10.690476190476192,7.2834195106221875,0.0,0.0,0.0,0.0,1.0,0.0
98000.0,11.69970466,-3.0267219628310877E-12,98000.0,90.42857142857143,15.692268485302685,-58.41918594831973,-55.47820321564725,98000.0,-1.0,42.0,2282.0,6828587.19047619,1.7848684638708137E7,-1608.9285714285716,2899.891717010012,459.5476190476191,828.5424228472599,230.26190476190476,414.2779825262737,230.26190476190476,414.2779825262737,10.833333333333334,7.3945156561209515,0.0,0.0,0.0,0.0,1.0,0.0
99000.0,11.827824865,-3.0598667514924383E-12,99000.0,90.4121212121212,15.698068037664688,-57.80548628428923,-54.46704637917013,99000.0,-1.0,42.0,2306.0,6979868.166666667,1.8026831244943306E7,-1627.2619047619053,2921.905818581375,464.78571428571433,834.8321734574688,232.8809523809524,417.4228833338898,232.8809523809524,417.4228833338898,10.833333333333334,7.3945156561209515,0.0,0.0,0.0,0.0,1.0,0.0
100000.0,11.958120212,-3.0935742509447874E-12,100000.0,90.388,15.675303471353338,-57.11016672115065,-53.64450127877247,100000.0,-1.0,42.0,2324.0,7082726.571428571,1.817592088334777E7,-1643.4285714285713,2943.205164631746,469.40476190476187,840.9177060030631,235.19047619047618,420.46566740705526,235.19047619047618,420.46566740705526,10.857142857142854,7.360313582169891,0.0,0.0,0.0,0.0,1.0,0.0
101000.0,12.08636656,-3.126751672890452E-12,101000.0,90.38019801980198,15.605697160516934,-56.58340048348089,-53.0560806553246,101000.0,-1.0,42.0,2345.0,7214616.42857143,1.8400839412402116E7,-1661.4285714285716,2966.2039972513867,474.54761904761904,847.4888071030346,237.7619047619048,423.7512391246757,237.7619047619048,423.7512391246757,10.904761904761903,7.321233815148532,0.0,0.0,0.0,0.0,1.0,0.0
102000.0,12.194289915,-3.154671522012602E-12,102000.0,90.39117647058823,15.604574052067832,-56.241032998565366,-52.63977573586679,102000.0,-1.0,42.0,2363.0,7330128.0476190485,1.8627577185453933E7,-1673.9285714285716,2986.3726867291384,478.11904761904754,853.2512912207063,239.54761904761904,426.63248606373674,239.54761904761904,426.63248606373674,10.904761904761903,7.321233815148532,0.0,0.0,0.0,0.0,1.0,0.0
103000.0,12.303552382,-3.1829378003668462E-12,103000.0,90.3495145631068,15.484576989452556,-55.6773688332028,-51.61683953630264,103000.0,-1.0,42.0,2385.0,7455329.047619047,1.8903077560886867E7,-1686.9285714285716,3008.7670142423844,481.8333333333335,859.6496710349913,241.40476190476198,429.8316777487245,241.40476190476198,429.8316777487245,10.928571428571427,7.316512754380834,0.0,0.0,0.0,0.0,1.0,0.0
104000.0,12.415646918,-3.211936736996804E-12,104000.0,90.32115384615385,15.416582051387826,-55.100154083204835,-50.643519904220234,104000.0,-1.0,42.0,2401.0,7567274.071428572,1.917425512217732E7,-1697.261904761905,3027.538467738322,484.7857142857143,865.0129432477081,242.88095238095238,432.5133130549886,242.88095238095238,432.5133130549886,10.952380952380953,7.311709222457816,0.0,0.0,0.0,0.0,1.0,0.0
105000.0,12.502110106,-3.2343048255683656E-12,105000.0,90.31904761904762,15.434360310916903,-54.553747909381066,-49.97049277072888,105000.0,-1.0,42.0,2418.0,7664081.904761903,1.9427682019189317E7,-1709.0952380952378,3049.151659784573,488.1666666666668,871.1881406577824,244.5714285714286,435.6009105937503,244.5714285714286,435.6009105937503,10.952380952380953,7.311709222457816,0.0,0.0,0.0,0.0,1.0,0.0
106000.0,12.591365574,-3.257395278972885E-12,106000.0,90.28301886792453,15.39192633431835,-53.984153087157964,-49.318643084952164,106000.0,-1.0,42.0,2432.0,7745796.214285715,1.9653777849617902E7,-1719.5952380952383,3065.529453809226,491.1666666666666,875.8675118840655,246.07142857142853,437.94060143274595,246.07142857142853,437.94060143274595,10.999999999999998,7.244846780853877,0.0,0.0,0.0,0.0,1.0,0.0
107000.0,12.702249139,-3.2860809365390914E-12,107000.0,90.27196261682244,15.425308194552972,-53.502433269429375,-48.7212458922702,107000.0,-1.0,42.0,2452.0,7878233.642857143,2.004575217529254E7,-1734.2619047619048,3097.381215341034,495.3571428571429,884.9680115874816,248.16666666666669,442.49083863558434,248.16666666666669,442.49083863558434,11.07142857142857,7.363035088486658,0.0,0.0,0.0,0.0,1.0,0.0
108000.0,12.818482893,-3.3161506918258975E-12,108000.0,90.26944444444445,15.43330884864806,-53.214754337367054,-48.453171351885885,108000.0,-1.0,42.0,2474.0,8019388.238095239,2.0495008959678248E7,-1749.0952380952385,3131.3759448174933,499.5952380952381,894.6807867729549,250.28571428571425,447.34720981850796,250.28571428571425,447.34720981850796,11.095238095238093,7.42707480680183,0.0,0.0,0.0,0.0,1.0,0.0
109000.0,12.941997968,-3.348104130062793E-12,109000.0,90.27614678899083,15.426669327744778,-52.78939022632263,-47.98938843898342,109000.0,-1.0,42.0,2496.0,8183475.285714285,2.105486612923968E7,-1765.7619047619046,3169.955064769799,504.35714285714283,905.7033871171842,252.66666666666669,452.85849115162904,252.66666666666669,452.85849115162904,11.119047619047617,7.428364823357604,0.0,0.0,0.0,0.0,1.0,0.0
110000.0,13.044494984,-3.374620181404883E-12,110000.0,90.28454545454545,15.554620889187959,-52.25815643254027,-47.50862663906152,110000.0,-1.0,42.0,2514.0,8294743.952380953,2.1455613508104835E7,-1776.0952380952383,3194.0498095412395,507.3095238095238,912.5875965464902,254.14285714285714,456.30058404139226,254.14285714285714,456.30058404139226,11.119047619047617,7.428364823357604,0.0,0.0,0.0,0.0,1.0,0.0
111000.0,13.152767966,-3.4026304792819763E-12,111000.0,90.28738738738738,15.652735662369052,-51.652834435222985,-46.88010899182566,111000.0,-1.0,42.0,2536.0,8428033.595238095,2.1957202449758977E7,-1788.4285714285713,3225.8140068777434,510.8333333333334,921.6630757512487,255.90476190476195,460.83830345142826,255.90476190476195,460.83830345142826,11.119047619047617,7.428364823357604,0.0,0.0,0.0,0.0,1.0,0.0
112000.0,13.257978319,-3.4298484728464663E-12,112000.0,90.31696428571429,15.654553541217457,-51.40304341756244,-46.6134919561985,112000.0,-1.0,42.0,2559.0,8581047.642857142,2.2560329631694824E7,-1798.0952380952383,3252.899110771009,513.5952380952381,929.4016711402205,257.28571428571433,464.7075810533994,257.28571428571433,464.7075810533994,11.119047619047617,7.428364823357604,0.0,0.0,0.0,0.0,1.0,0.0
113000.0,13.355626882,-3.4551102259299836E-12,113000.0,90.32477876106195,15.759305136817215,-50.904071773636986,-46.10450354136034,113000.0,-1.0,42.0,2580.0,8698117.547619049,2.303866590994967E7,-1807.4285714285716,3278.2841373220567,516.2619047619047,936.6545308814096,258.61904761904754,468.3339934111517,258.61904761904754,468.3339934111517,11.119047619047617,7.428364823357604,0.0,0.0,0.0,0.0,1.0,0.0
114000.0,13.479583662,-3.4871779335662736E-12,114000.0,90.3,15.832741893050112,-50.59240092605191,-45.86466165413529,114000.0,-1.0,42.0,2604.0,8843289.261904761,2.3652451725035846E7,-1822.0952380952383,3317.4551502070544,520.452380952381,947.8462415798882,260.7142857142858,473.92982323537774,260.7142857142858,473.92982323537774,11.190476190476186,7.415337089974796,0.0,0.0,0.0,0.0,1.0,0.0
115000.0,13.579839576,-3.5131142102181926E-12,115000.0,90.29217391304348,15.769507540881442,-49.191500734999345,-45.36458333333315,115000.0,-1.0,42.0,2619.0,8950134.214285716,2.4116535374543775E7,-1831.928571428571,3342.7468651588943,523.2619047619048,955.0724416279945,262.11904761904765,477.54290842230785,262.11904761904765,477.54290842230785,11.190476190476186,7.415337089974796,0.0,0.0,0.0,0.0,1.0,0.0
116000.0,13.668650494,-3.5360896582197825E-12,116000.0,90.32758620689656,15.70515020081619,-48.35382784609292,-45.336787564766766,116000.0,-1.0,42.0,2632.0,9024337.571428573,2.4445031671186198E7,-1838.5952380952385,3361.2572129612586,525.1666666666666,960.3611088281291,263.07142857142856,480.1872293817528,263.07142857142856,480.1872293817528,11.190476190476186,7.415337089974796,0.0,0.0,0.0,0.0,1.0,0.0
117000.0,13.782702866,-3.5655950884231276E-12,117000.0,90.34358974358975,15.750732670077838,-46.93718298868518,-44.920472036941874,117000.0,-1.0,42.0,2650.0,9149833.261904761,2.5013152400828015E7,-1849.761904761905,3392.927031983891,528.357142857143,969.4096222337812,264.6666666666667,484.7114639164547,264.6666666666667,484.7114639164547,11.190476190476186,7.415337089974796,0.0,0.0,0.0,0.0,1.0,0.0
118000.0,13.887168096,-3.592620318134627E-12,118000.0,90.36101694915254,15.727709075755433,-45.68976559497889,-44.725792085507074,118000.0,-1.0,42.0,2673.0,9274023.523809524,2.5588192869505685E7,-1858.4285714285713,3419.1874954321916,530.8333333333333,976.9126060387379,265.90476190476187,488.4629356347995,265.90476190476187,488.4629356347995,11.190476190476186,7.415337089974796,0.0,0.0,0.0,0.0,1.0,0.0
119000.0,14.006576243,-3.6235112911607667E-12,119000.0,90.38319327731092,15.702313023186687,-44.732515492601486,-44.54970317039292,119000.0,-1.0,42.0,2699.0,9442745.000000002,2.6389011644835517E7,-1868.9285714285718,3452.2952802578448,533.8333333333333,986.3719655746229,267.4047619047618,493.19258888680474,267.4047619047618,493.19258888680474,11.190476190476186,7.415337089974796,0.0,0.0,0.0,0.0,1.0,0.0
120000.0,14.101268538,-3.648008255598447E-12,120000.0,90.40083333333332,15.704836169932918,-43.39599153491848,-44.27605210420846,120000.0,-1.0,42.0,2710.0,9514745.452380951,2.6735949387698747E7,-1875.928571428571,3473.999960633396,535.8333333333334,992.5732980654478,268.40476190476187,496.2932384320348,268.40476190476187,496.2932384320348,11.190476190476186,7.415337089974796,0.0,0.0,0.0,0.0,1.0,0.0
121000.0,14.206206513,-3.67515578477954E-12,121000.0,90.39834710743801,15.694603981486537,-41.94257788637745,-44.018842196603366,121000.0,-1.0,42.0,2721.0,9593003.333333334,2.7116747731064983E7,-1887.928571428571,3510.6320492209693,539.2619047619047,1003.0396013757337,270.1190476190476,501.52636301501724,270.1190476190476,501.52636301501724,11.261904761904763,7.361930830406117,0.0,0.0,0.0,0.0,1.0,0.0
122000.0,14.306995313,-3.701229919420763E-12,122000.0,90.4,15.703365699863811,-40.54962198487935,-43.7407952871871,122000.0,-1.0,42.0,2737.0,9707643.88095238,2.7682818877348993E7,-1896.761904761905,3540.74933373813,541.7857142857143,1011.644532569986,271.38095238095235,505.82880321797063,271.38095238095235,505.82880321797063,11.261904761904763,7.361930830406117,0.0,0.0,0.0,0.0,1.0,0.0
123000.0,14.391990698,-3.7232182863064945E-12,123000.0,90.4130081300813,15.664981322243756,-39.368868928022785,-43.45498783455006,123000.0,-1.0,42.0,2748.0,9799272.738095239,2.8141087880137835E7,-1907.4285714285716,3578.544445501838,544.8333333333334,1022.4431266111927,272.9047619047619,511.22806754905577,272.9047619047619,511.22806754905577,11.261904761904763,7.361930830406117,0.0,0.0,0.0,0.0,1.0,0.0
124000.0,14.483489828,-3.746889176675016E-12,124000.0,90.42741935483872,15.635918537866889,-37.94305636257997,-43.11550518447061,124000.0,-1.0,42.0,2764.0,9899772.80952381,2.8648910454310216E7,-1915.9285714285716,3606.3295467346807,547.2619047619047,1030.3817208726473,274.1190476190476,515.1973433114425,274.1190476190476,515.1973433114425,11.261904761904763,7.361930830406117,0.0,0.0,0.0,0.0,1.0,0.0
124136.0,14.489457655,-3.748433057787932E-12,124136.0,90.43549010762389,15.634306137058584,-37.91381112788954,-43.1171648987464,124136.0,-1.0,42.0,2764.0,9899860.857142856,2.864917898723396E7,-1916.0952380952383,3606.9920635906647,547.3095238095237,1030.5710112240579,274.1428571428571,515.2919878599057,274.1428571428571,515.2919878599057,11.261904761904763,7.361930830406117,0.0,0.0,0.0,0.0,1.0,0.0
