learning evaluation instances,evaluation time (cpu seconds),model cost (RAM-Hours),classified instances,classifications correct (percent),Kappa Statistic (percent),Kappa Temporal Statistic (percent),Kappa M Statistic (percent),model training instances,model serialized size (bytes),ensemble size,change detections,[avg] model training instances,[err] model training instances,[avg] model serialized size (bytes),[err] model serialized size (bytes),[avg] tree size (nodes),[err] tree size (nodes),[avg] tree size (leaves),[err] tree size (leaves),[avg] active learning leaves,[err] active learning leaves,[avg] tree depth,[err] tree depth,[avg] active leaf byte size estimate,[err] active leaf byte size estimate,[avg] inactive leaf byte size estimate,[err] inactive leaf byte size estimate,[avg] byte size estimate overhead,[err] byte size estimate overhead
1000.0,0.326745979,-8.452941844653753E-14,1000.0,91.5,14.517021169608366,-80.851063829787,-88.88888888888864,1000.0,-1.0,42.0,24.0,2276.5714285714284,2357.085614129129,-7.595238095238095,6.659156629416276,2.023809523809523,1.9061913915896533,1.5,0.969032708552143,1.5,0.969032708552143,0.476190476190476,0.8333914033193508,0.0,0.0,0.0,0.0,1.0,0.0
2000.0,0.469089898,-1.2135389209207563E-13,2000.0,92.35,14.073666386797676,-109.58904109589058,-115.49295774647905,2000.0,-1.0,42.0,51.0,6187.7380952380945,9821.42527051787,-11.5,12.785758082964717,3.142857142857143,3.653073737989919,2.071428571428571,1.8265368689949593,2.071428571428571,1.8265368689949593,0.8571428571428571,1.3356541938074915,0.0,0.0,0.0,0.0,1.0,0.0
3000.0,0.577680061,-1.4944624492070744E-13,3000.0,93.63333333333334,13.951948245025307,-114.60674157303399,-119.54022988505722,3000.0,-1.0,42.0,78.0,11300.309523809525,27753.474455737487,-16.0952380952381,23.33928910218961,4.452380952380952,6.670657922546197,2.714285714285715,3.3443488139766524,2.714285714285715,3.3443488139766524,1.2619047619047616,1.8748596540583498,0.0,0.0,0.0,0.0,1.0,0.0
4000.0,0.728218723,-1.8839070444098778E-13,4000.0,94.525,16.914295578341978,-84.0336134453777,-87.17948717948707,4000.0,-1.0,42.0,109.0,20117.571428571428,41440.99042990945,-23.095238095238095,29.06075177699929,6.4523809523809526,8.30574993589845,3.714285714285715,4.163053020676253,3.714285714285715,4.163053020676253,1.8809523809523807,2.2545604833951285,0.0,0.0,0.0,0.0,1.0,0.0
5000.0,0.909395947,-2.352613818624781E-13,5000.0,94.6,18.06233817311779,-86.20689655172413,-90.14084507042284,5000.0,-1.0,42.0,138.0,31684.500000000004,64133.261679652096,-33.761904761904766,41.627740237238456,9.500000000000002,11.896402407614767,5.238095238095237,5.958431303662448,5.238095238095237,5.958431303662448,2.4761904761904763,2.461786930191803,0.0,0.0,0.0,0.0,1.0,0.0
6000.0,1.087327352,-2.8129236358735295E-13,6000.0,94.41666666666667,16.89077214674863,-81.08108108108067,-84.06593406593399,6000.0,-1.0,42.0,165.0,43274.69047619049,81023.14706409613,-43.761904761904745,53.2883593767333,12.35714285714286,15.228057270150927,6.666666666666667,7.624308578540942,6.666666666666667,7.624308578540942,3.0476190476190483,3.0198722388770904,0.0,0.0,0.0,0.0,1.0,0.0
7000.0,1.168915696,-3.0239932652976777E-13,7000.0,94.54285714285714,15.788863722825115,-95.8974358974364,-98.95833333333316,7000.0,-1.0,42.0,192.0,52315.142857142855,98074.35233773863,-47.261904761904766,57.035743830795894,13.357142857142856,16.298767615496953,7.166666666666666,8.159736565172194,7.166666666666666,8.159736565172194,3.214285714285714,3.056665761072494,0.0,0.0,0.0,0.0,1.0,0.0
8000.0,1.310293315,-3.3897381767423617E-13,8000.0,94.575,14.702054176970513,-91.18942731277514,-94.61883408071769,8000.0,-1.0,42.0,223.0,68125.85714285716,135516.34123487253,-55.261904761904766,69.01822294671472,15.642857142857142,19.72224376065522,8.309523809523812,9.871091311002598,8.309523809523812,9.871091311002598,3.5714285714285716,3.29924497750664,0.0,0.0,0.0,0.0,1.0,0.0
9000.0,1.49555256,-3.8690051684776943E-13,9000.0,94.81111111111112,14.093930101523519,-83.13725490196082,-87.55020080321313,9000.0,-1.0,42.0,250.0,89886.16666666666,190314.33167492665,-65.76190476190474,92.1263208923565,18.642857142857142,26.324264452301485,9.80952380952381,13.170991953380147,9.80952380952381,13.170991953380147,3.9047619047619055,3.634586726663061,0.0,0.0,0.0,0.0,1.0,0.0
10000.0,1.659746315,-4.2937755869287583E-13,10000.0,94.98,15.485369877773714,-78.6476868327402,-82.54545454545483,10000.0,-1.0,42.0,276.0,110277.59523809524,218522.14784453376,-76.83333333333333,104.05742239009932,21.80952380952381,29.730692111456946,11.404761904761905,14.865346055728473,11.404761904761905,14.865346055728473,4.404761904761904,3.994261272458237,0.0,0.0,0.0,0.0,1.0,0.0
11000.0,1.80596092,-4.672033815748161E-13,11000.0,95.08181818181818,15.267908464281643,-72.84345047923368,-76.22149837133578,11000.0,-1.0,42.0,302.0,130659.52380952383,278182.8674683947,-85.76190476190479,119.37189470333406,24.357142857142858,34.108736759735734,12.666666666666668,17.063249149699345,12.666666666666668,17.063249149699345,4.61904761904762,4.316459597991362,0.0,0.0,0.0,0.0,1.0,0.0
12000.0,1.964200105,-5.08139971902387E-13,12000.0,95.19166666666666,15.401156013146226,-71.21661721068251,-74.32024169184328,12000.0,-1.0,42.0,331.0,143811.73809523808,322698.15420198604,-91.76190476190477,134.20912140929215,26.07142857142857,38.34782587225669,13.523809523809522,19.18235736071178,13.523809523809522,19.18235736071178,4.642857142857142,4.377444563432339,0.0,0.0,0.0,0.0,1.0,0.0
13000.0,2.065121839,-5.34248496664481E-13,13000.0,95.27692307692308,16.608404685976687,-68.21917808219142,-71.03064066852363,13000.0,-1.0,42.0,358.0,153362.92857142858,332740.77684715536,-94.9285714285714,142.15731458701777,26.976190476190474,40.61868373126331,13.976190476190474,20.31758591291514,13.976190476190474,20.31758591291514,4.7857142857142865,4.425732483322651,0.0,0.0,0.0,0.0,1.0,0.0
14000.0,2.230090354,-5.769259694756733E-13,14000.0,95.27142857142857,16.971781335134665,-65.08728179551086,-67.59493670886049,14000.0,-1.0,42.0,384.0,183760.88095238092,384667.18861216947,-105.83333333333333,158.7702614942715,30.0952380952381,45.36293185550613,15.547619047619051,22.681465927753067,15.547619047619051,22.681465927753067,5.000000000000002,4.643379761526737,0.0,0.0,0.0,0.0,1.0,0.0
15000.0,2.511575964,-6.49746498093009E-13,15000.0,95.24666666666667,16.74591179223526,-60.94808126410848,-65.04629629629596,15000.0,-1.0,42.0,414.0,221147.16666666663,445497.75564680167,-124.42857142857143,184.54970152914032,35.40476190476191,52.73082105340594,18.19047619047619,26.373710205650145,18.19047619047619,26.373710205650145,5.523809523809523,4.993840573161201,0.0,0.0,0.0,0.0,1.0,0.0
16000.0,2.671640922,-6.911554172014197E-13,16000.0,95.1125,16.18362164193543,-64.285714285714,-68.17204301075274,16000.0,-1.0,42.0,440.0,248994.47619047618,484596.1062946276,-133.92857142857142,192.53766091619616,38.11904761904762,55.0131702107034,19.547619047619047,27.515142067110737,19.547619047619047,27.515142067110737,5.690476190476192,5.062960163913054,0.0,0.0,0.0,0.0,1.0,0.0
17000.0,2.807145093,-7.262104431477685E-13,17000.0,95.17058823529412,15.510165264586561,-67.20977596741344,-71.39874739039693,17000.0,-1.0,42.0,466.0,276758.02380952385,568034.1948912758,-142.26190476190476,207.09089079421608,40.499999999999986,59.171206742106186,20.738095238095237,29.594049767634793,20.738095238095237,29.594049767634793,5.738095238095238,5.065712209140037,0.0,0.0,0.0,0.0,1.0,0.0
18000.0,2.976669967,-7.700666492908365E-13,18000.0,95.22222222222221,15.293371394407302,-65.70327552986498,-69.62524654832353,18000.0,-1.0,42.0,494.0,311613.02380952385,703112.7656288624,-153.7619047619047,232.10361537350968,43.78571428571429,66.31761555125593,22.380952380952383,33.16694827094337,22.380952380952383,33.16694827094337,5.904761904761905,5.211663859635465,0.0,0.0,0.0,0.0,1.0,0.0
19000.0,3.110221365,-8.046164914655189E-13,19000.0,95.3736842105263,15.351517509427797,-64.91557223264583,-68.71401151631525,19000.0,-1.0,42.0,525.0,346164.2619047619,785461.122055221,-162.09523809523805,243.37673391455795,46.16666666666668,69.53851947702734,23.571428571428577,34.777440723481384,23.571428571428577,34.777440723481384,5.976190476190477,5.298357293691546,0.0,0.0,0.0,0.0,1.0,0.0
20000.0,3.254182466,-8.418593312510186E-13,20000.0,95.33500000000001,14.99050818455539,-68.10810810810767,-71.82320441988934,20000.0,-1.0,42.0,553.0,378615.2619047618,876625.6297930165,-169.59523809523805,257.4792494148028,48.3095238095238,73.56778460355477,24.64285714285714,36.791980454767206,24.64285714285714,36.791980454767206,6.023809523809525,5.325905832667685,0.0,0.0,0.0,0.0,1.0,0.0
21000.0,3.393404249,-8.778761060804956E-13,21000.0,95.35714285714286,14.699193318915938,-67.81411359724623,-71.35325131810195,21000.0,-1.0,42.0,582.0,412492.61904761905,1005126.3899650353,-179.42857142857142,281.84307542276616,51.11904761904762,80.528801810421,26.047619047619047,40.2722154301972,26.047619047619047,40.2722154301972,6.1190476190476195,5.518051887380496,0.0,0.0,0.0,0.0,1.0,0.0
22000.0,3.587232006,-9.280194854363799E-13,22000.0,94.96363636363637,15.475911258860945,-65.12667660208668,-67.1191553544496,22000.0,-1.0,42.0,611.0,450751.5952380952,1167909.1670114873,-193.92857142857144,321.72260380319784,55.261904761904766,91.92283601831073,28.119047619047624,45.968813596405674,28.119047619047624,45.968813596405674,6.285714285714286,5.64513913192716,0.0,0.0,0.0,0.0,1.0,0.0
23000.0,3.744222354,-9.686330007389187E-13,23000.0,94.58260869565217,15.390167710398512,-66.80053547523457,-67.47311827957,23000.0,-1.0,42.0,638.0,489481.8333333333,1357604.219885143,-205.83333333333331,361.7271520363452,58.666666666666664,103.3506148675272,29.833333333333332,51.6753074337636,29.833333333333332,51.6753074337636,6.333333333333334,5.70265948512201,0.0,0.0,0.0,0.0,1.0,0.0
24000.0,3.880493187,-1.0038863626929619E-12,24000.0,94.50833333333334,14.921895815148268,-68.75800256081918,-69.62676962676923,24000.0,-1.0,42.0,665.0,526333.5238095238,1554489.3399473547,-213.42857142857142,390.3848097090459,60.83333333333333,111.54041522086189,30.904761904761905,55.776911703770594,30.904761904761905,55.776911703770594,6.38095238095238,5.656648930208444,0.0,0.0,0.0,0.0,1.0,0.0
25000.0,4.004981389,-1.0360915495807097E-12,25000.0,94.43599999999999,14.385427082542135,-71.09471094710958,-72.36679058240418,25000.0,-1.0,42.0,696.0,565096.3333333334,1770678.2035698635,-219.92857142857142,416.332851879367,62.690476190476176,118.95407765188891,31.83333333333333,59.483515513847856,31.83333333333333,59.483515513847856,6.428571428571429,5.6918549299463015,0.0,0.0,0.0,0.0,1.0,0.0
26000.0,4.201335062,-1.0868883852122556E-12,26000.0,94.08461538461539,13.85368025617618,-76.98504027617957,-78.21552723059057,26000.0,-1.0,42.0,726.0,616676.880952381,2019727.7355784827,-235.92857142857142,466.980930976277,67.26190476190476,133.4248778360006,34.11904761904762,66.71863102537488,34.11904761904762,66.71863102537488,6.595238095238096,5.852077070535637,0.0,0.0,0.0,0.0,1.0,0.0
27000.0,4.455855463,-1.1527329949765568E-12,27000.0,94.00740740740741,13.810829152607992,-76.83060109289637,-77.99779977997827,27000.0,-1.0,42.0,755.0,670378.8333333333,2134230.3769878168,-254.76190476190473,507.70069008075865,72.64285714285714,145.05908324080232,36.80952380952381,72.53568948144216,36.80952380952381,72.53568948144216,6.833333333333332,5.97521983131335,0.0,0.0,0.0,0.0,1.0,0.0
28000.0,4.667916907,-1.2075934421995445E-12,28000.0,93.96785714285714,13.594916811538418,-78.73015873015888,-79.48990435706693,28000.0,-1.0,42.0,785.0,728987.7142857143,2275939.9103118274,-270.7619047619047,547.6580208320237,77.21428571428571,156.47543806543578,39.0952380952381,78.24377463705419,39.0952380952381,78.24377463705419,6.976190476190476,6.046519237517002,0.0,0.0,0.0,0.0,1.0,0.0
29000.0,4.980443103,-1.2884441926144061E-12,29000.0,93.95517241379311,13.778176793017332,-76.18090452261286,-76.89202825428853,29000.0,-1.0,42.0,816.0,798275.3095238096,2336688.4973084317,-293.5952380952381,576.6522416341146,83.73809523809524,164.75955274482155,42.357142857142854,82.38601036482318,42.357142857142854,82.38601036482318,7.428571428571429,6.305796238548356,0.0,0.0,0.0,0.0,1.0,0.0
30000.0,5.388597319,-1.3940339801936511E-12,30000.0,93.90666666666667,13.859286788823269,-73.2701421800946,-73.5992402659067,30000.0,-1.0,42.0,846.0,877839.3095238094,2433105.5969694923,-323.49999999999994,606.1070198506161,92.2857142857143,173.17343424303317,46.64285714285715,86.58671712151659,46.64285714285715,86.58671712151659,8.166666666666666,6.297179650027101,0.0,0.0,0.0,0.0,1.0,0.0
31000.0,5.617689046,-1.453300173808303E-12,31000.0,93.94516129032257,13.52675883662689,-70.79162875341211,-70.94717668488148,31000.0,-1.0,42.0,872.0,926235.8095238097,2494065.0599826295,-340.2619047619047,616.7438516218517,97.07142857142858,176.2144470776588,49.023809523809526,88.11397499836002,49.023809523809526,88.11397499836002,8.357142857142856,6.335426636148579,0.0,0.0,0.0,0.0,1.0,0.0
32000.0,5.796678576,-1.4996048932274181E-12,32000.0,93.89999999999999,13.31868939479197,-69.004329004329,-68.56649395509496,32000.0,-1.0,42.0,902.0,980712.6428571432,2609261.841418072,-354.42857142857144,635.7030731501488,101.11904761904762,181.6313879585623,51.04761904761905,90.82251584511795,51.04761904761905,90.82251584511795,8.5,6.367792434415939,0.0,0.0,0.0,0.0,1.0,0.0
33000.0,6.000074579,-1.5522235846664341E-12,33000.0,93.84848484848484,13.141225598959897,-66.52994257588189,-65.57911908646003,33000.0,-1.0,42.0,931.0,1038199.8809523811,2773549.0714480164,-368.26190476190476,657.4736963865444,105.07142857142856,187.85157514834495,53.023809523809526,93.93264013480373,53.023809523809526,93.93264013480373,8.619047619047619,6.408654137284649,0.0,0.0,0.0,0.0,1.0,0.0
34000.0,6.172697298,-1.5968812055264909E-12,34000.0,93.82941176470588,12.870183694868734,-63.77829820452761,-63.01476301476322,34000.0,-1.0,42.0,957.0,1090419.6190476194,2954593.848759192,-380.59523809523813,683.3352232205248,108.59523809523807,195.24057199358168,54.78571428571428,97.62709932517755,54.78571428571428,97.62709932517755,8.66666666666667,6.415175098523457,0.0,0.0,0.0,0.0,1.0,0.0
35000.0,6.499042528,-1.6813069499201242E-12,35000.0,93.80857142857143,12.94667954566853,-61.837191934279176,-60.876020786934106,35000.0,-1.0,42.0,987.0,1163131.2142857143,3171374.171577812,-403.1666666666667,718.6290442586026,115.04761904761904,205.32258407388645,58.02380952380952,102.66129203694322,58.02380952380952,102.66129203694322,8.92857142857143,6.515994793836939,0.0,0.0,0.0,0.0,1.0,0.0
36000.0,6.767713288,-1.7508122676776512E-12,36000.0,93.70277777777778,12.436539236932173,-60.8942512420158,-59.9858856739592,36000.0,-1.0,42.0,1017.0,1232177.4047619046,3391312.4483183897,-423.66666666666663,752.2010845144505,120.9047619047619,214.9145955755573,60.95238095238095,107.45729778777866,60.95238095238095,107.45729778777866,9.11904761904762,6.54516161253964,0.0,0.0,0.0,0.0,1.0,0.0
37000.0,6.99565494,-1.8097809360673027E-12,37000.0,93.55135135135136,12.169047075647644,-60.89008766014822,-59.279038718291154,37000.0,-1.0,42.0,1045.0,1303608.9999999998,3690287.417052049,-440.0952380952381,791.487540832984,125.59523809523807,226.14123145091665,63.28571428571428,113.0774148190534,63.28571428571428,113.0774148190534,9.214285714285715,6.527748329848488,0.0,0.0,0.0,0.0,1.0,0.0
38000.0,7.1697155,-1.8548105274223614E-12,38000.0,93.44473684210526,11.937759650014993,-61.43875567077149,-59.78191148171915,38000.0,-1.0,42.0,1073.0,1363506.880952381,3987173.0231227265,-453.42857142857144,833.8426810404578,129.4047619047619,238.24265755571614,65.19047619047619,119.12797752432468,65.19047619047619,119.12797752432468,9.238095238095239,6.547423711583142,0.0,0.0,0.0,0.0,1.0,0.0
39000.0,7.390936609,-1.912040586531576E-12,39000.0,93.2897435897436,11.844697829505115,-62.04334365325074,-60.35539215686266,39000.0,-1.0,42.0,1102.0,1422086.80952381,4289862.146719461,-467.16666666666663,879.2951977097607,133.33333333333334,251.2271993456459,67.16666666666667,125.61359967282294,67.16666666666667,125.61359967282294,9.285714285714286,6.578923161517909,0.0,0.0,0.0,0.0,1.0,0.0
40000.0,7.562928868,-1.956535106938746E-12,40000.0,93.22749999999999,11.872135935912778,-61.924686192468705,-60.39076376554199,40000.0,-1.0,42.0,1130.0,1483148.619047619,4618224.753378082,-478.7619047619047,925.4346851950909,136.64285714285714,264.4117097724841,68.80952380952381,132.21217944988905,68.80952380952381,132.21217944988905,9.285714285714286,6.578923161517909,0.0,0.0,0.0,0.0,1.0,0.0
41000.0,7.697232994,-1.9912796803853575E-12,41000.0,93.28292682926829,11.749644541317805,-61.524926686216745,-60.116279069767174,41000.0,-1.0,42.0,1159.0,1556942.0952380951,5030066.181764788,-487.7619047619048,961.5183067020163,139.21428571428572,274.7212809921451,70.09523809523809,137.36684186900374,70.09523809523809,137.36684186900374,9.285714285714286,6.578923161517909,0.0,0.0,0.0,0.0,1.0,0.0
42000.0,7.834511582,-2.026793749278618E-12,42000.0,93.27619047619048,11.458516693661732,-61.83381088825205,-60.637087599545026,42000.0,-1.0,42.0,1186.0,1622175.5714285716,5399442.640656213,-497.5952380952382,1001.5980416564031,142.02380952380955,286.17259742477245,71.5,143.09237166693512,71.5,143.09237166693512,9.333333333333332,6.606230121844397,0.0,0.0,0.0,0.0,1.0,0.0
43000.0,8.041409898,-2.0803184915954864E-12,43000.0,93.29767441860464,11.287239507022253,-61.45658263305342,-60.378408458542246,43000.0,-1.0,42.0,1215.0,1705002.3333333335,5708025.360798544,-512.5952380952381,1034.4332738391354,146.30952380952382,295.5540879965544,73.64285714285715,147.78310102219126,73.64285714285715,147.78310102219126,9.380952380952381,6.735245413358367,0.0,0.0,0.0,0.0,1.0,0.0
44000.0,8.438502214,-2.183046557733582E-12,44000.0,93.22045454545454,11.21756693545546,-60.29016657710895,-59.17822838847373,44000.0,-1.0,42.0,1244.0,1799652.6904761908,5810127.680574274,-546.2619047619048,1081.1976209678446,155.92857142857147,308.91536396008587,78.45238095238098,154.46385675287692,78.45238095238098,154.46385675287692,9.499999999999998,6.794007402510382,0.0,0.0,0.0,0.0,1.0,0.0
45000.0,8.65188529,-2.2382489121001626E-12,45000.0,93.25777777777778,11.239516455925713,-59.26509186351717,-58.43342036553531,45000.0,-1.0,42.0,1274.0,1877579.6190476194,5998795.356616974,-563.2619047619048,1124.8682320560779,160.78571428571428,321.3926658226651,80.88095238095237,160.70245226792437,80.88095238095237,160.70245226792437,9.571428571428571,6.896951808652217,0.0,0.0,0.0,0.0,1.0,0.0
46000.0,9.05551883,-2.3426691975651516E-12,46000.0,93.27391304347826,11.076949091384654,-58.422939068100476,-57.53564154786154,46000.0,-1.0,42.0,1303.0,1980121.2380952383,6189871.60106531,-593.4285714285714,1177.4114671881712,169.4047619047619,336.4050302344112,85.19047619047618,168.20867384253785,85.19047619047618,168.20867384253785,9.666666666666664,7.031867068677047,0.0,0.0,0.0,0.0,1.0,0.0
47000.0,9.312843412,-2.4092392509596215E-12,47000.0,93.27234042553192,10.984073244557214,-57.548579970104484,-56.689791873141594,47000.0,-1.0,42.0,1330.0,2051784.119047619,6566120.391162495,-614.5,1230.4600616901932,175.42857142857142,351.5600176257695,88.21428571428571,175.78000881288474,88.21428571428571,175.78000881288474,9.833333333333332,7.07767588513061,0.0,0.0,0.0,0.0,1.0,0.0
48000.0,9.54399198,-2.469037550811966E-12,48000.0,93.23125,10.96327429749819,-56.27705627705639,-55.23172479694222,48000.0,-1.0,42.0,1360.0,2137500.452380952,7046295.910144235,-631.595238095238,1295.4601416150776,180.3095238095238,370.133165759149,90.64285714285714,185.07253969115786,90.64285714285714,185.07253969115786,9.904761904761905,7.104823245976084,0.0,0.0,0.0,0.0,1.0,0.0
49000.0,9.713504832,-2.5128906468550365E-12,49000.0,93.26122448979591,10.886249407576132,-55.754716981132326,-55.24212505876819,49000.0,-1.0,42.0,1390.0,2222394.976190476,7538455.760670397,-643.4285714285712,1340.79947288207,183.69047619047618,383.08723378308053,92.33333333333333,191.54947990540856,92.33333333333333,191.54947990540856,9.976190476190474,7.1448022903165045,0.0,0.0,0.0,0.0,1.0,0.0
50000.0,9.875273886,-2.554740416817367E-12,50000.0,93.33399999999999,10.848761040383057,-54.52016689847038,-55.23986958546829,50000.0,-1.0,42.0,1417.0,2298034.4523809524,7984234.412017825,-649.9285714285716,1369.274231701885,185.54761904761904,391.22286096982157,93.26190476190474,195.6172294675908,93.26190476190474,195.6172294675908,9.976190476190474,7.1448022903165045,0.0,0.0,0.0,0.0,1.0,0.0
51000.0,10.017287682,-2.5914794874067106E-12,51000.0,93.39411764705883,10.793069749358903,-53.06678782371653,-55.18194380469801,51000.0,-1.0,42.0,1445.0,2367399.9523809524,8397363.162365416,-657.4285714285716,1398.6940798186931,187.6904761904762,399.6285157978496,94.33333333333333,199.820000301084,94.33333333333333,199.820000301084,10.047619047619044,7.122456348529033,0.0,0.0,0.0,0.0,1.0,0.0
52000.0,10.315899897,-2.668730680985997E-12,52000.0,93.10384615384616,11.56486784903909,-54.7023295944779,-54.76909797151461,52000.0,-1.0,42.0,1474.0,2460370.166666667,8845198.566338759,-683.4285714285713,1481.7248541999986,195.1190476190476,423.35156366500814,98.04761904761905,211.6814164431151,98.04761904761905,211.6814164431151,10.095238095238093,7.173152940838477,0.0,0.0,0.0,0.0,1.0,0.0
53000.0,10.544893513,-2.7279714932147826E-12,53000.0,92.93962264150943,11.426661006457202,-54.6280991735536,-54.055166735282064,53000.0,-1.0,42.0,1501.0,2546597.1904761903,9358821.314803656,-702.5952380952381,1561.4972655181543,200.59523809523807,446.14364194176727,100.78571428571428,223.0773174194058,100.78571428571428,223.0773174194058,10.142857142857144,7.168941917953898,0.0,0.0,0.0,0.0,1.0,0.0
54000.0,10.76630401,-2.7852505471350418E-12,54000.0,92.83518518518518,11.178513510783528,-55.31914893617016,-54.63629096722617,54000.0,-1.0,42.0,1530.0,2625730.0,9835446.965931516,-719.4285714285714,1628.4927363468635,205.40476190476187,465.28517662453777,103.19047619047618,232.64798470034842,103.19047619047618,232.64798470034842,10.190476190476188,7.242281325114497,0.0,0.0,0.0,0.0,1.0,0.0
55000.0,10.971704509,-2.838387803122815E-12,55000.0,92.74545454545454,10.965437484721594,-55.31335149863763,-54.71112834431957,55000.0,-1.0,42.0,1556.0,2704792.6904761908,1.031579234255226E7,-735.0952380952381,1696.6816510043423,209.88095238095232,484.7676940445957,105.42857142857144,242.38913914100849,105.42857142857144,242.38913914100849,10.26190476190476,7.2618600177597585,0.0,0.0,0.0,0.0,1.0,0.0
56000.0,11.174671454,-2.8908954969503813E-12,56000.0,92.63035714285715,10.746907716646396,-56.86050931204859,-55.85347432024172,56000.0,-1.0,42.0,1584.0,2780533.071428572,1.0780632848946521E7,-748.0952380952382,1756.731732778907,213.59523809523807,501.9248345011097,107.2857142857143,250.9676187172347,107.2857142857143,250.9676187172347,10.30952380952381,7.273366366703751,0.0,0.0,0.0,0.0,1.0,0.0
57000.0,11.361675144,-2.939273485292991E-12,57000.0,92.61228070175439,10.61316692886716,-57.068258112644564,-56.07857672349878,57000.0,-1.0,42.0,1609.0,2860127.5238095233,1.1271873238303432E7,-758.4285714285714,1803.722020966607,216.54761904761907,515.3506124714326,108.76190476190479,257.6804420608472,108.76190476190479,257.6804420608472,10.35714285714286,7.250976144786632,0.0,0.0,0.0,0.0,1.0,0.0
58000.0,11.555705033,-2.9894691563418343E-12,58000.0,92.54137931034482,10.939523496705693,-56.909684439608164,-55.83573487031692,58000.0,-1.0,42.0,1636.0,2946066.0952380956,1.1801272315279238E7,-770.7619047619047,1861.3459961913977,220.07142857142856,531.8145831688711,110.5238095238095,265.91234922067906,110.5238095238095,265.91234922067906,10.35714285714286,7.250976144786632,0.0,0.0,0.0,0.0,1.0,0.0
59000.0,11.863859535,-3.0691889463923874E-12,59000.0,92.49830508474575,10.794082089503787,-57.733428367783304,-56.672566371681356,59000.0,-1.0,42.0,1665.0,3056835.833333333,1.1930300070885384E7,-799.0952380952383,1905.6989219056563,228.16666666666666,544.4868659154888,114.57142857142856,272.2485541951032,114.57142857142856,272.2485541951032,10.35714285714286,7.250976144786632,0.0,0.0,0.0,0.0,1.0,0.0
60000.0,12.084770572,-3.126338789653447E-12,60000.0,92.41166666666668,10.557272100916466,-60.03514938488571,-58.9179755671903,60000.0,-1.0,42.0,1696.0,3162490.214285714,1.2095092169257764E7,-814.9285714285714,1942.5007316174929,232.6904761904762,555.0016694369635,116.83333333333334,277.50595833345477,116.83333333333334,277.50595833345477,10.380952380952383,7.3016950285779565,0.0,0.0,0.0,0.0,1.0,0.0
61000.0,12.278065804,-3.176344404410985E-12,61000.0,92.37868852459017,10.452061841047168,-61.36758070114524,-60.199862164024886,61000.0,-1.0,42.0,1726.0,3255624.476190476,1.2267977554159429E7,-827.9285714285714,1972.0494402457355,236.4047619047619,563.4441587032128,118.69047619047618,281.7272065872855,118.69047619047618,281.7272065872855,10.45238095238095,7.299189333378494,0.0,0.0,0.0,0.0,1.0,0.0
62000.0,12.564853028,-3.250536464361681E-12,62000.0,92.30967741935484,10.274574111161908,-62.23205171827145,-61.026680175616164,62000.0,-1.0,42.0,1754.0,3360355.666666667,1.2472912772714699E7,-850.595238095238,2019.1636889820497,242.88095238095235,576.905377640294,121.92857142857142,288.45783331847207,121.92857142857142,288.45783331847207,10.5,7.342658520341352,0.0,0.0,0.0,0.0,1.0,0.0
63000.0,12.797659857,-3.310763757520666E-12,63000.0,92.17936507936508,10.91754336264028,-62.983790936155934,-61.22382198952875,63000.0,-1.0,42.0,1781.0,3465468.5476190476,1.2723761508713117E7,-867.3333333333333,2059.9628657162925,247.6666666666667,588.5608187760836,124.33333333333336,294.2804093880418,124.33333333333336,294.2804093880418,10.54761904761905,7.35909054876988,0.0,0.0,0.0,0.0,1.0,0.0
64000.0,13.091195374,-3.3867016056966453E-12,64000.0,92.0546875,11.337028295840495,-63.242375601926085,-61.22384273937842,64000.0,-1.0,42.0,1812.0,3581039.2142857136,1.2955557010449583E7,-889.5952380952384,2106.3918874206206,254.02380952380952,601.8277238341362,127.5,300.9190191688803,127.5,300.9190191688803,10.571428571428571,7.38866256468473,0.0,0.0,0.0,0.0,1.0,0.0
65000.0,13.371477896,-3.459210894587967E-12,65000.0,91.97076923076924,11.749308671266895,-63.042799125273355,-60.33794162826398,65000.0,-1.0,42.0,1840.0,3684697.666666667,1.324655536914405E7,-912.4285714285713,2164.4751647168323,260.54761904761904,618.4229432205034,130.76190476190476,309.2166191163515,130.76190476190476,309.2166191163515,10.595238095238097,7.421325645204628,0.0,0.0,0.0,0.0,1.0,0.0
66000.0,13.648906976,-3.5309819959931903E-12,66000.0,91.80909090909091,12.156916194579667,-63.66939146230718,-60.65378900445758,66000.0,-1.0,42.0,1867.0,3787370.8095238092,1.3459207099912314E7,-934.0,2207.5497839868726,266.7142857142857,630.728509710535,133.85714285714286,315.3642548552675,133.85714285714286,315.3642548552675,10.619047619047617,7.457039172298165,0.0,0.0,0.0,0.0,1.0,0.0
67000.0,13.902869976,-3.5966824057201544E-12,67000.0,91.77014925373135,12.015665335501124,-62.991427726869546,-60.1045296167248,67000.0,-1.0,42.0,1894.0,3882187.976190476,1.3755658064629812E7,-951.4285714285713,2252.365219084013,271.69047619047615,643.5343903898236,136.33333333333334,321.77235299893545,136.33333333333334,321.77235299893545,10.619047619047617,7.457039172298165,0.0,0.0,0.0,0.0,1.0,0.0
68000.0,14.134794347,-3.656681406363431E-12,68000.0,91.70441176470588,11.988375127008197,-62.70550908566476,-59.57567185289949,68000.0,-1.0,42.0,1926.0,3998270.619047619,1.4156485841027334E7,-969.2619047619049,2308.7771344506464,276.78571428571433,659.6520714745743,138.8809523809524,329.8311617147404,138.8809523809524,329.8311617147404,10.619047619047617,7.457039172298165,0.0,0.0,0.0,0.0,1.0,0.0
69000.0,14.378151376,-3.719638043807613E-12,69000.0,91.58985507246376,12.117052333237774,-62.41253848306737,-58.768809849521155,69000.0,-1.0,42.0,1955.0,4097228.833333333,1.4520714478717294E7,-983.0952380952381,2357.7973475623157,280.73809523809524,673.6578367037534,140.85714285714286,336.83400930693443,140.85714285714286,336.83400930693443,10.619047619047617,7.457039172298165,0.0,0.0,0.0,0.0,1.0,0.0
70000.0,14.727949234,-3.810130999837485E-12,70000.0,91.42714285714287,12.257923397555775,-63.11497689589552,-58.75661375661352,70000.0,-1.0,42.0,1979.0,4207493.904761905,1.4874112529934661E7,-1011.095238095238,2417.4693763997157,288.73809523809524,690.7069923238536,144.8571428571429,345.3586027014968,144.8571428571429,345.3586027014968,10.547619047619051,7.5746766201677636,0.0,0.0,0.0,0.0,1.0,0.0
71000.0,14.994358521,-3.879051272912572E-12,71000.0,91.37464788732395,12.14032630467397,-62.91566906092044,-58.57068876229936,71000.0,-1.0,42.0,2004.0,4314186.666666666,1.5298369649933534E7,-1028.4285714285716,2470.352360991534,293.6904761904762,705.8164097676737,147.33333333333334,352.9132876754376,147.33333333333334,352.9132876754376,10.571428571428571,7.545448820938863,0.0,0.0,0.0,0.0,1.0,0.0
72000.0,15.271542779,-3.9507590386913055E-12,72000.0,91.3138888888889,12.129347985196615,-62.399376785250446,-57.7699293642785,72000.0,-1.0,42.0,2034.0,4435211.571428572,1.5805570679347023E7,-1046.095238095238,2529.538228460891,298.73809523809524,722.7266480362055,149.85714285714286,361.36837305621555,149.85714285714286,361.36837305621555,10.619047619047615,7.548065108074115,0.0,0.0,0.0,0.0,1.0,0.0
73000.0,15.505673345,-4.0113287835588884E-12,73000.0,91.27808219178081,12.040803819778557,-62.21656050955433,-57.71612583601689,73000.0,-1.0,42.0,2063.0,4566131.880952381,1.6380631731883386E7,-1061.2619047619048,2580.7884601559913,303.07142857142856,737.3695632600383,152.02380952380952,368.689802070775,152.02380952380952,368.689802070775,10.642857142857139,7.599170136243949,0.0,0.0,0.0,0.0,1.0,0.0
74000.0,15.706060666,-4.063169126812782E-12,74000.0,91.25405405405405,12.020236962071529,-61.59800249687892,-56.93501454898138,74000.0,-1.0,42.0,2091.0,4662134.571428571,1.681401004799772E7,-1075.595238095238,2630.7453275665735,307.16666666666663,751.6429457436415,154.07142857142856,375.8264644205953,154.07142857142856,375.8264644205953,10.666666666666668,7.630703917491672,0.0,0.0,0.0,0.0,1.0,0.0
75000.0,15.91277461,-4.116646171961394E-12,75000.0,91.27199999999999,12.045104653390611,-61.11247846418918,-56.56541497249451,75000.0,-1.0,42.0,2121.0,4785507.880952381,1.7391309288329E7,-1089.595238095238,2687.701811454136,311.1666666666667,767.9162148360523,156.0714285714286,383.96305671231005,156.0714285714286,383.96305671231005,10.666666666666668,7.630703917491672,0.0,0.0,0.0,0.0,1.0,0.0
76000.0,16.121909521,-4.17074952300431E-12,76000.0,91.26578947368421,12.229109013274094,-60.22206130823064,-55.82159624413149,76000.0,-1.0,42.0,2150.0,4912122.428571429,1.8000464764144145E7,-1103.9285714285716,2746.1402837779706,315.26190476190476,784.612909362156,158.11904761904762,392.3113623057492,158.11904761904762,392.3113623057492,10.690476190476186,7.652476389356794,0.0,0.0,0.0,0.0,1.0,0.0
77000.0,16.3201883,-4.222044384934836E-12,77000.0,91.24545454545454,12.425406112527973,-59.77719838824361,-55.39419087136933,77000.0,-1.0,42.0,2179.0,5028641.166666666,1.8575323479279056E7,-1116.4285714285716,2794.494719743796,318.83333333333337,798.4284538610577,159.90476190476193,399.21910418653925,159.90476190476193,399.21910418653925,10.761904761904761,7.605548436181229,0.0,0.0,0.0,0.0,1.0,0.0
78000.0,16.514710837,-4.272367504373607E-12,78000.0,91.22948717948718,12.47211432470738,-59.79911235692587,-55.477272727272684,78000.0,-1.0,42.0,2209.0,5155134.928571428,1.9213058954862684E7,-1127.9285714285716,2840.701994937486,322.1190476190476,811.6305239659343,161.54761904761904,405.82010927473,161.54761904761904,405.82010927473,10.761904761904761,7.605548436181229,0.0,0.0,0.0,0.0,1.0,0.0
79000.0,16.694952562,-4.3189961675347554E-12,79000.0,91.27088607594936,12.74025245716748,-59.44508670520248,-55.140607424072186,79000.0,-1.0,42.0,2237.0,5283380.285714285,1.9875226647200335E7,-1137.4285714285716,2883.194249463496,324.83333333333326,823.7711592209499,162.90476190476187,411.8903956461618,162.90476190476187,411.8903956461618,10.761904761904761,7.605548436181229,0.0,0.0,0.0,0.0,1.0,0.0
80000.0,16.877539506,-4.3662315405284364E-12,80000.0,91.25750000000001,13.031354919761744,-59.425575564166856,-55.111998225770684,80000.0,-1.0,42.0,2265.0,5400213.071428572,2.0488118564753167E7,-1148.9285714285716,2929.5066128571066,328.11904761904765,837.0032550095799,164.5476190476191,418.50641527739947,164.5476190476191,418.50641527739947,10.761904761904761,7.605548436181229,0.0,0.0,0.0,0.0,1.0,0.0
81000.0,17.080095261,-4.418632859208932E-12,81000.0,91.22098765432098,13.072344625148554,-59.118371000223945,-54.78885502829793,81000.0,-1.0,42.0,2294.0,5534891.0,2.1205513827115268E7,-1161.595238095238,2987.0655153758353,331.73809523809524,853.4486441898271,166.35714285714286,426.7290693241694,166.35714285714286,426.7290693241694,10.785714285714283,7.585402265281151,0.0,0.0,0.0,0.0,1.0,0.0
82000.0,17.26950104,-4.4676322696937455E-12,82000.0,91.21463414634147,13.162268788815012,-58.29488024609971,-54.55910748766355,82000.0,-1.0,42.0,2322.0,5657616.904761905,2.186850171612683E7,-1173.261904761905,3036.4321815491785,335.07142857142856,867.5533973263799,168.02380952380952,433.78141556831434,168.02380952380952,433.78141556831434,10.785714285714283,7.585402265281151,0.0,0.0,0.0,0.0,1.0,0.0
83000.0,17.473602645,-4.520433500874788E-12,83000.0,91.23975903614458,13.18790878791885,-55.92965901779973,-54.11191182704531,83000.0,-1.0,42.0,2353.0,5795364.428571428,2.2622894407253794E7,-1184.7619047619046,3081.54274642192,338.3571428571429,880.4421234542411,169.66666666666666,440.22575509294603,169.66666666666666,440.22575509294603,10.809523809523808,7.568349032965191,0.0,0.0,0.0,0.0,1.0,0.0
84000.0,17.673908207,-4.5722526930169105E-12,84000.0,91.20595238095238,13.089392460960752,-54.766394301277984,-54.63680133975287,84000.0,-1.0,42.0,2383.0,5914598.761904762,2.3283075743751753E7,-1195.2619047619048,3131.66173499243,341.3571428571428,894.7618247313167,171.16666666666663,447.385571507951,171.16666666666663,447.385571507951,10.809523809523808,7.568349032965191,0.0,0.0,0.0,0.0,1.0,0.0
85000.0,17.885794409,-4.627067805009171E-12,85000.0,91.16941176470588,13.3514104990434,-54.285714285714214,-53.90608980930902,85000.0,-1.0,42.0,2410.0,6040083.476190476,2.398499201831191E7,-1207.4285714285716,3188.5701064962977,344.8333333333333,911.0213490220654,172.90476190476187,455.51529703230574,172.90476190476187,455.51529703230574,10.857142857142856,7.614400441049515,0.0,0.0,0.0,0.0,1.0,0.0
86000.0,18.318857971,-4.7391016582130565E-12,86000.0,91.01162790697674,13.899559882442958,-54.63092618523703,-53.281776720206096,86000.0,-1.0,42.0,2433.0,6178262.095238095,2.4270506690860458E7,-1242.2619047619048,3254.5858907051097,354.7857142857143,929.8830121990113,177.88095238095235,464.9461653799393,177.88095238095235,464.9461653799393,11.119047619047619,7.696062917927679,0.0,0.0,0.0,0.0,1.0,0.0
87000.0,18.710719139,-4.8404764226223864E-12,87000.0,90.9816091954023,14.066137598629588,-54.72293433247864,-53.12256049960976,87000.0,-1.0,42.0,2460.0,6323448.69047619,2.429290650383571E7,-1271.2619047619046,3289.1431908223253,363.07142857142856,939.7565432744683,182.02380952380952,469.88298948730187,182.02380952380952,469.88298948730187,11.523809523809524,7.616535590533159,0.0,0.0,0.0,0.0,1.0,0.0
88000.0,19.02900642,-4.922817569846908E-12,88000.0,90.94318181818181,14.132137173533815,-54.78733734705761,-53.1514219830899,88000.0,-1.0,42.0,2486.0,6458900.5,2.4304998997942492E7,-1292.9285714285716,3314.6894597059486,369.26190476190476,947.0554896438624,185.11904761904765,473.53250602517824,185.11904761904765,473.53250602517824,11.666666666666668,7.684849417464581,0.0,0.0,0.0,0.0,1.0,0.0
89000.0,19.280802386,-4.987957366328273E-12,89000.0,90.90224719101123,14.24951387733804,-54.81835564053535,-53.26519023282231,89000.0,-1.0,42.0,2512.0,6565680.523809524,2.4328206017767467E7,-1310.4285714285713,3325.6711418229565,374.2619047619048,950.1931269554398,187.61904761904762,475.1013731302935,187.61904761904762,475.1013731302935,11.714285714285717,7.699495435751409,0.0,0.0,0.0,0.0,1.0,0.0
90000.0,19.562028625,-5.060710795482414E-12,90000.0,90.81888888888889,14.319638619045325,-55.11544959639575,-53.35931700074242,90000.0,-1.0,42.0,2538.0,6697601.761904761,2.438203880840431E7,-1329.095238095238,3337.2736997144902,379.5952380952381,953.5081582145216,190.28571428571428,476.75894024969676,190.28571428571428,476.75894024969676,11.785714285714285,7.706619626186164,0.0,0.0,0.0,0.0,1.0,0.0
91000.0,19.798607013,-5.121913793652009E-12,91000.0,90.78021978021978,14.41294186266503,-55.284101425134004,-53.410129822636485,91000.0,-1.0,42.0,2565.0,6822910.904761905,2.4459357555694763E7,-1344.7619047619046,3351.907668044978,384.07142857142856,957.6893022539032,192.52380952380952,478.849548045294,192.52380952380952,478.849548045294,11.809523809523808,7.730958023610911,0.0,0.0,0.0,0.0,1.0,0.0
92000.0,20.070420828,-5.192232221985858E-12,92000.0,90.69130434782609,14.42611884530429,-56.59169866520385,-54.584837545126504,92000.0,-1.0,42.0,2594.0,6978669.095238095,2.459061286438867E7,-1360.4285714285716,3363.3342569601687,388.5476190476191,960.9540534276708,194.76190476190476,480.4819638006684,194.76190476190476,480.4819638006684,11.880952380952383,7.689721936526166,0.0,0.0,0.0,0.0,1.0,0.0
93000.0,20.260093032,-5.241300556808711E-12,93000.0,90.71290322580646,14.441985120290592,-56.609247506799576,-54.50805008944555,93000.0,-1.0,42.0,2623.0,7114806.9523809515,2.473905519673628E7,-1371.2619047619046,3371.3914262875296,391.6428571428571,963.256109636795,196.3095238095238,481.63301929263366,196.3095238095238,481.63301929263366,11.92857142857143,7.7472036092428995,0.0,0.0,0.0,0.0,1.0,0.0
94000.0,20.500458789,-5.303483350047222E-12,94000.0,90.62127659574469,14.412637655523481,-58.191279382738145,-56.06302000354033,94000.0,-1.0,42.0,2654.0,7272478.571428573,2.4948086383451704E7,-1386.261904761905,3389.0369166498904,395.9285714285714,968.2976863587279,198.45238095238096,484.15383578105616,198.45238095238096,484.15383578105616,11.92857142857143,7.7472036092428995,0.0,0.0,0.0,0.0,1.0,0.0
95000.0,20.711395315,-5.358052780179101E-12,95000.0,90.60736842105264,14.426993249754155,-58.29341848500974,-56.18764221949931,95000.0,-1.0,42.0,2681.0,7435826.880952381,2.520520997181201E7,-1399.7619047619046,3402.753317102188,399.7857142857143,972.216665998171,200.38095238095235,486.11335385799765,200.38095238095235,486.11335385799765,11.952380952380949,7.726900684802354,0.0,0.0,0.0,0.0,1.0,0.0
96000.0,20.926699956,-5.413752244785429E-12,96000.0,90.52395833333333,14.576760514734369,-58.62249346120328,-56.30584192439855,96000.0,-1.0,42.0,2706.0,7552986.452380952,2.5413370187234953E7,-1414.5952380952385,3418.160645438648,404.0238095238095,976.6187684718511,202.5,488.3144353844949,202.5,488.3144353844949,11.976190476190476,7.700136505720943,0.0,0.0,0.0,0.0,1.0,0.0
97000.0,21.173508228,-5.4776017212619395E-12,97000.0,90.47216494845361,14.795246888022595,-58.66094420600864,-55.95680053999321,97000.0,-1.0,42.0,2732.0,7710323.619047619,2.5726047325922042E7,-1430.595238095238,3437.072386242317,408.5952380952381,982.0221312772103,204.78571428571428,491.01614576375886,204.78571428571428,491.01614576375886,11.976190476190476,7.700136505720943,0.0,0.0,0.0,0.0,1.0,0.0
98000.0,21.418698894,-5.541032721909385E-12,98000.0,90.39591836734694,15.168526769272459,-58.95963519675742,-56.00861926073255,98000.0,-1.0,42.0,2760.0,7870792.595238095,2.6080372821022917E7,-1446.595238095238,3456.8158128368964,413.16666666666663,987.663118152819,207.07142857142858,493.8366666318982,207.07142857142858,493.8366666318982,12.023809523809524,7.769509182596006,0.0,0.0,0.0,0.0,1.0,0.0
99000.0,21.628758391,-5.595375264011739E-12,99000.0,90.33737373737374,15.358130532542999,-59.03574397339973,-55.67127746135072,99000.0,-1.0,42.0,2786.0,8007475.666666666,2.641088595622069E7,-1461.7619047619048,3475.570244908574,417.5,993.0215346570702,209.2380952380952,496.51590053991856,209.2380952380952,496.51590053991856,12.071428571428573,7.712494952816018,0.0,0.0,0.0,0.0,1.0,0.0
100000.0,21.852339092,-5.653215751258865E-12,100000.0,90.263,15.413466688990955,-59.1533180778031,-55.642583120204655,100000.0,-1.0,42.0,2813.0,8155815.166666667,2.6797625540499944E7,-1480.4285714285718,3506.3529252254307,422.8333333333333,1001.8165918669132,211.9047619047619,500.91344900232554,211.9047619047619,500.91344900232554,12.119047619047619,7.727689778630499,0.0,0.0,0.0,0.0,1.0,0.0
101000.0,22.089454009,-5.71455754986447E-12,101000.0,90.23069306930694,15.484287236990383,-59.01692183722786,-55.434782608695755,101000.0,-1.0,42.0,2837.0,8289400.309523811,2.716907507740071E7,-1495.761904761905,3531.3194508397582,427.21428571428567,1008.9498896332467,214.09523809523807,504.48011440534475,214.09523809523807,504.48011440534475,12.142857142857144,7.709896802863277,0.0,0.0,0.0,0.0,1.0,0.0
102000.0,22.32874961,-5.776463492980436E-12,102000.0,90.16470588235293,15.570634059501698,-59.923481587757145,-56.23734620775591,102000.0,-1.0,42.0,2867.0,8456648.047619047,2.7666480077413008E7,-1508.2619047619046,3553.1612929383473,430.78571428571433,1015.1904191372246,215.88095238095238,507.6003902812772,215.88095238095238,507.6003902812772,12.166666666666666,7.688815655148835,0.0,0.0,0.0,0.0,1.0,0.0
103000.0,22.604636006,-5.847835500931576E-12,103000.0,90.06601941747573,15.946234340159323,-60.25058731401713,-56.070774862721116,103000.0,-1.0,42.0,2896.0,8637696.166666666,2.8240243132984865E7,-1529.095238095238,3595.171740594184,436.7380952380953,1027.1934070984526,218.8571428571429,513.601894392286,218.8571428571429,513.601894392286,12.214285714285714,7.775934464385943,0.0,0.0,0.0,0.0,1.0,0.0
104000.0,22.861743938,-5.914349506816105E-12,104000.0,89.99711538461538,16.25899138692381,-60.29275808936807,-55.6869200838071,104000.0,-1.0,42.0,2921.0,8794752.0,2.8768203412492372E7,-1545.7619047619046,3628.659389680745,441.50000000000006,1036.7613091715575,221.23809523809527,518.3858535372111,221.23809523809527,518.3858535372111,12.214285714285714,7.775934464385943,0.0,0.0,0.0,0.0,1.0,0.0
105000.0,23.078343799,-5.970384045762737E-12,105000.0,89.9695238095238,16.314792159379714,-60.13379960468289,-55.38506934198886,105000.0,-1.0,42.0,2949.0,8953540.571428573,2.9327636560938805E7,-1562.4285714285713,3666.5789141647974,446.26190476190476,1047.5954595195797,223.6190476190476,523.8029303776771,223.6190476190476,523.8029303776771,12.214285714285714,7.775934464385943,0.0,0.0,0.0,0.0,1.0,0.0
106000.0,23.300219994,-6.02778357608865E-12,106000.0,89.90943396226415,16.408137865548778,-59.90432052623697,-55.059437518121136,106000.0,-1.0,42.0,2973.0,9098262.357142858,2.9858504495717153E7,-1578.2619047619048,3703.342669769146,450.78571428571433,1058.0993898567992,225.8809523809524,529.0548960580303,225.8809523809524,529.0548960580303,12.238095238095239,7.757952721545348,0.0,0.0,0.0,0.0,1.0,0.0
107000.0,23.548378459,-6.091982348459879E-12,107000.0,89.85327102803738,16.40645499936783,-60.1091284471318,-55.1221603086154,107000.0,-1.0,42.0,2995.0,9246219.0,3.042097013494455E7,-1594.2619047619048,3741.2685931152323,455.3571428571428,1068.9353678111186,228.16666666666663,534.4728844643498,228.16666666666663,534.4728844643498,12.238095238095239,7.757952721545348,0.0,0.0,0.0,0.0,1.0,0.0
108000.0,23.768603509,-6.148954726393441E-12,108000.0,89.8074074074074,16.432421116794895,-60.48986732759898,-55.50218957479884,108000.0,-1.0,42.0,3019.0,9400557.214285715,3.10286092837102E7,-1606.595238095238,3771.816622935153,458.8809523809523,1077.6633757048887,229.9285714285714,538.8368861682266,229.9285714285714,538.8368861682266,12.285714285714281,7.724796040517563,0.0,0.0,0.0,0.0,1.0,0.0
109000.0,24.01125025,-6.211727611824045E-12,109000.0,89.79908256880734,16.447391201911035,-60.285425976647,-55.249930187098485,109000.0,-1.0,42.0,3045.0,9581331.07142857,3.1765785999001186E7,-1622.4285714285716,3814.828079384617,463.40476190476187,1089.9523609979767,232.19047619047618,544.9813708203529,232.19047619047618,544.9813708203529,12.285714285714281,7.724796040517563,0.0,0.0,0.0,0.0,1.0,0.0
110000.0,24.232852375,-6.269056240044951E-12,110000.0,89.75272727272727,16.45731585478866,-60.592677019518405,-55.58316080055214,110000.0,-1.0,42.0,3073.0,9730565.476190476,3.2392628949076805E7,-1637.9285714285716,3856.2320254100255,467.83333333333326,1101.782057964293,234.4047619047619,550.8962125935718,234.4047619047619,550.8962125935718,12.285714285714281,7.724796040517563,0.0,0.0,0.0,0.0,1.0,0.0
111000.0,24.486724236,-6.3347330720474355E-12,111000.0,89.7009009009009,16.507270011332505,-60.81024054016031,-55.7493188010899,111000.0,-1.0,42.0,3098.0,9870682.357142858,3.2995350576902103E7,-1651.9285714285716,3895.717820407034,471.83333333333326,1113.0637112058105,236.40476190476184,556.5370305004283,236.40476190476184,556.5370305004283,12.285714285714281,7.724796040517563,0.0,0.0,0.0,0.0,1.0,0.0
112000.0,24.682208932,-6.385305102707614E-12,112000.0,89.67410714285714,16.535770421478606,-61.454697752338404,-56.34716777071793,112000.0,-1.0,42.0,3127.0,1.0033842166666666E7,3.3714531801732264E7,-1663.2619047619046,3927.5456747559083,475.07142857142867,1122.157381963631,238.02380952380958,561.0838591336018,238.02380952380958,561.0838591336018,12.309523809523808,7.706468917886201,0.0,0.0,0.0,0.0,1.0,0.0
113000.0,24.891575589,-6.439468406606469E-12,113000.0,89.63097345132743,16.66748214591988,-61.72532781228441,-56.58158492583188,113000.0,-1.0,42.0,3154.0,1.019910980952381E7,3.446129150356092E7,-1676.2619047619048,3964.625950796981,478.7857142857143,1132.75174417755,239.88095238095235,566.381031891849,239.88095238095235,566.381031891849,12.333333333333337,7.691194416000381,0.0,0.0,0.0,0.0,1.0,0.0
114000.0,25.132799735,-6.501873265693174E-12,114000.0,89.57982456140351,16.845153130851035,-61.77311725452802,-56.69436749769158,114000.0,-1.0,42.0,3182.0,1.035119669047619E7,3.516245454411917E7,-1691.2619047619046,4009.5659095956266,483.0714285714286,1145.5917289364766,242.02380952380952,572.8010120620248,242.02380952380952,572.8010120620248,12.357142857142856,7.685340586487602,0.0,0.0,0.0,0.0,1.0,0.0
115000.0,25.369821,-6.563190836459401E-12,115000.0,89.51130434782608,16.86702612544787,-61.1920352799681,-57.05729166666663,115000.0,-1.0,42.0,3204.0,1.0474750904761905E7,3.5740692088093534E7,-1705.261904761905,4051.0824874318187,487.07142857142856,1157.4536053043576,244.02380952380952,578.7319396368799,244.02380952380952,578.7319396368799,12.428571428571427,7.702210190058869,0.0,0.0,0.0,0.0,1.0,0.0
116000.0,25.553583008,-6.610730199350254E-12,116000.0,89.5155172413793,16.780988262395546,-60.80920269734246,-57.53886010362689,116000.0,-1.0,42.0,3226.0,1.060748461904762E7,3.637181050478525E7,-1715.7619047619046,4082.731138794727,490.07142857142867,1166.4960747188543,245.52380952380955,583.253165886685,245.52380952380955,583.253165886685,12.45238095238095,7.689721936526168,0.0,0.0,0.0,0.0,1.0,0.0
117000.0,25.759251384,-6.663936755309505E-12,117000.0,89.48461538461538,16.834850868470287,-60.00780335544296,-57.811698306823914,117000.0,-1.0,42.0,3248.0,1.0742891738095239E7,3.7024429056553505E7,-1731.2619047619048,4133.918793139199,494.5,1181.1211137583875,247.73809523809524,590.5656676286297,247.73809523809524,590.5656676286297,12.45238095238095,7.689721936526168,0.0,0.0,0.0,0.0,1.0,0.0
118000.0,25.990395937,-6.723734016478478E-12,118000.0,89.4822033898305,16.806826715352933,-58.97271679262202,-57.92085507061968,118000.0,-1.0,42.0,3276.0,1.0895915500000002E7,3.7773479453387626E7,-1744.095238095238,4174.839794265362,498.16666666666663,1192.812824779877,249.57142857142856,596.4115105323424,249.57142857142856,596.4115105323424,12.499999999999998,7.699382300215911,0.0,0.0,0.0,0.0,1.0,0.0
119000.0,26.227110663,-6.7849722853861775E-12,119000.0,89.46806722689075,16.7894049078461,-58.50512204375868,-58.30491347732736,119000.0,-1.0,42.0,3305.0,1.1085476642857142E7,3.8717408019185305E7,-1757.761904761905,4219.52351262975,502.07142857142856,1205.5795973328457,251.5238095238095,602.7948823198378,251.5238095238095,602.7948823198378,12.547619047619044,7.702398679133097,0.0,0.0,0.0,0.0,1.0,0.0
120000.0,26.419545019,-6.834755190906842E-12,120000.0,89.46083333333334,16.78417466745781,-57.43806796962526,-58.404308617234456,120000.0,-1.0,42.0,3335.0,1.126217592857143E7,3.961137278405727E7,-1771.2619047619048,4267.461089365088,505.92857142857144,1219.2760425532238,253.45238095238096,609.6430864030781,253.45238095238096,609.6430864030781,12.547619047619044,7.702398679133097,0.0,0.0,0.0,0.0,1.0,0.0
121000.0,26.732085863,-6.9156097307697795E-12,121000.0,89.45289256198346,16.873898391498372,-55.91936469150883,-58.20007437709182,121000.0,-1.0,42.0,3360.0,1.1448639476190478E7,4.039779677154603E7,-1794.833333333333,4320.362156887622,512.6666666666666,1234.3891876821779,256.8333333333333,617.1945938410889,256.8333333333333,617.1945938410889,12.595238095238095,7.686096169849288,0.0,0.0,0.0,0.0,1.0,0.0
122000.0,27.062455256,-7.001076529009477E-12,122000.0,89.42540983606557,16.862057732322548,-54.818192727709125,-58.33333333333346,122000.0,-1.0,42.0,3388.0,1.1640197595238097E7,4.132746885718146E7,-1819.4285714285713,4385.5760149127955,519.6904761904761,1253.0231634729535,260.3333333333333,626.5166443846938,260.3333333333333,626.5166443846938,12.64285714285714,7.653538727429607,0.0,0.0,0.0,0.0,1.0,0.0
123000.0,27.332672486,-7.0709819196619944E-12,123000.0,89.42032520325203,16.90879208523507,-53.799787259189166,-58.309002433090065,123000.0,-1.0,42.0,3411.0,1.181191911904762E7,4.2205933854439564E7,-1839.595238095238,4445.914002764423,525.452380952381,1270.2625847683958,263.2142857142857,635.136341641594,263.2142857142857,635.136341641594,12.64285714285714,7.653538727429607,0.0,0.0,0.0,0.0,1.0,0.0
124000.0,27.586224039,-7.1365758877558035E-12,124000.0,89.40806451612903,16.995759752257474,-52.63219058686814,-58.35543766578234,124000.0,-1.0,42.0,3436.0,1.1965067071428573E7,4.300977918415975E7,-1853.3333333333337,4492.160464885067,529.3809523809524,1283.4744185385907,265.1904761904762,641.7372092692954,265.1904761904762,641.7372092692954,12.666666666666664,7.627506918293675,0.0,0.0,0.0,0.0,1.0,0.0
124136.0,27.613227518,-7.1435617070852075E-12,124136.0,89.41644647805632,16.993182721138815,-52.60773609013839,-58.365477338476424,124136.0,-1.0,42.0,3440.0,1.1990365238095239E7,4.314462198534286E7,-1854.9285714285718,4498.912515713305,529.8333333333333,1285.4050119380456,265.40476190476187,642.7075373086553,265.40476190476187,642.7075373086553,12.666666666666664,7.627506918293675,0.0,0.0,0.0,0.0,1.0,0.0
