learning evaluation instances,evaluation time (cpu seconds),model cost (RAM-Hours),classified instances,classifications correct (percent),Kappa Statistic (percent),Kappa Temporal Statistic (percent),Kappa M Statistic (percent),model training instances,model serialized size (bytes),ensemble size,change detections,[avg] model training instances,[err] model training instances,[avg] model serialized size (bytes),[err] model serialized size (bytes),[avg] tree size (nodes),[err] tree size (nodes),[avg] tree size (leaves),[err] tree size (leaves),[avg] active learning leaves,[err] active learning leaves,[avg] tree depth,[err] tree depth,[avg] active leaf byte size estimate,[err] active leaf byte size estimate,[avg] inactive leaf byte size estimate,[err] inactive leaf byte size estimate,[avg] byte size estimate overhead,[err] byte size estimate overhead
1000.0,0.235087029,-6.081718252971769E-14,1000.0,83.39999999999999,18.439542082248337,-253.1914893617019,-268.88888888888863,1000.0,-1.0,42.0,22.0,2090.6666666666665,3934.864956722438,-5.095238095238096,4.658113947906823,1.3095238095238098,1.3341315845092392,1.1428571428571428,0.6833000473465758,1.1428571428571428,0.6833000473465758,0.16666666666666669,0.659514480200015,0.0,0.0,0.0,0.0,1.0,0.0
2000.0,0.339441916,-8.781386642820306E-14,2000.0,84.89999999999999,14.35879693960306,-313.6986301369866,-325.3521126760567,2000.0,-1.0,42.0,48.0,6233.214285714286,11172.42876303791,-8.333333333333332,9.649129031001221,2.238095238095238,2.7568940088574916,1.6190476190476193,1.3784470044287458,1.6190476190476193,1.3784470044287458,0.5476190476190477,1.1729134239645072,0.0,0.0,0.0,0.0,1.0,0.0
3000.0,0.453845186,-1.174100741951002E-13,3000.0,89.3,16.644377909981163,-260.6741573033713,-268.9655172413789,3000.0,-1.0,42.0,71.0,11878.333333333334,23249.461820854038,-12.595238095238095,17.452457404449465,3.452380952380952,4.988779512272251,2.2142857142857144,2.504003762618094,2.2142857142857144,2.504003762618094,0.9285714285714285,1.6585750149267817,0.0,0.0,0.0,0.0,1.0,0.0
4000.0,0.583375916,-1.5091976668271752E-13,4000.0,90.35,18.937791054806205,-224.36974789915917,-229.91452991453002,4000.0,-1.0,42.0,98.0,22177.261904761905,39328.42115927046,-20.0952380952381,27.157902792525594,5.595238095238097,7.761881604320499,3.285714285714286,3.8904869234765664,3.285714285714286,3.8904869234765664,1.5238095238095237,2.1554026870452114,0.0,0.0,0.0,0.0,1.0,0.0
5000.0,0.687000121,-1.7772742262524034E-13,5000.0,90.96,17.828938757108094,-211.72413793103436,-218.3098591549299,5000.0,-1.0,42.0,126.0,32722.19047619047,57838.408022249365,-27.595238095238106,36.82990534865259,7.73809523809524,10.525368943906082,4.357142857142858,5.2722070565738175,4.357142857142858,5.2722070565738175,1.9285714285714288,2.550876053655877,0.0,0.0,0.0,0.0,1.0,0.0
6000.0,0.789003228,-2.0411569935580092E-13,6000.0,91.43333333333334,18.15894784888593,-177.8378378378374,-182.41758241758254,6000.0,-1.0,42.0,145.0,41690.21428571429,86538.50281177841,-34.42857142857143,51.08440784367257,9.690476190476188,14.597841630032738,5.333333333333335,7.307419105521445,5.333333333333335,7.307419105521445,2.2380952380952377,3.026787106129275,0.0,0.0,0.0,0.0,1.0,0.0
7000.0,0.875894056,-2.2659441870119834E-13,7000.0,92.30000000000001,17.580497182052625,-176.4102564102568,-180.7291666666661,7000.0,-1.0,42.0,171.0,54637.5238095238,139971.6411041089,-40.26190476190476,63.71776928857962,11.357142857142856,18.2072371413281,6.166666666666666,9.111549001308836,6.166666666666666,9.111549001308836,2.4285714285714284,3.0214102436821086,0.0,0.0,0.0,0.0,1.0,0.0
8000.0,0.988523811,-2.5573181686922903E-13,8000.0,92.55,16.74435505599055,-162.55506607929485,-167.2645739910316,8000.0,-1.0,42.0,200.0,72136.33333333334,201221.77160968402,-48.5952380952381,82.93725501518678,13.738095238095237,23.698368291889327,7.357142857142858,11.856502648431569,7.357142857142858,11.856502648431569,2.6904761904761902,3.3312130306416674,0.0,0.0,0.0,0.0,1.0,0.0
9000.0,1.066452522,-2.758920301372806E-13,9000.0,92.71111111111111,16.716673338925066,-157.25490196078442,-163.45381526104467,9000.0,-1.0,42.0,227.0,90005.35714285713,307832.7368414678,-53.92857142857143,105.60404483595451,15.261904761904765,30.174338575659174,8.119047619047619,15.093533393157484,8.119047619047619,15.093533393157484,2.7857142857142856,3.4467072606716327,0.0,0.0,0.0,0.0,1.0,0.0
10000.0,1.157362052,-2.99410390564137E-13,10000.0,92.61,16.839916839916924,-162.98932384341612,-168.7272727272729,10000.0,-1.0,42.0,250.0,106640.57142857143,392715.50449360354,-59.66666666666667,122.86849338486523,16.904761904761905,35.1052838242472,8.952380952380953,17.5526419121236,8.952380952380953,17.5526419121236,2.8333333333333335,3.5948246449086043,0.0,0.0,0.0,0.0,1.0,0.0
11000.0,1.287681855,-3.331242168011764E-13,11000.0,92.85454545454546,17.645675997934198,-151.11821086262023,-156.026058631922,11000.0,-1.0,42.0,276.0,124634.66666666669,483630.7202507173,-66.83333333333333,149.17086563559099,18.952380952380953,42.62024732445457,9.976190476190476,21.310123662227284,9.976190476190476,21.310123662227284,3.0000000000000004,3.7998716281269167,0.0,0.0,0.0,0.0,1.0,0.0
12000.0,1.411994724,-3.6528404491643104E-13,12000.0,93.175,17.378792595465082,-143.026706231454,-147.43202416918479,12000.0,-1.0,42.0,303.0,146559.97619047624,496613.5484657863,-77.26190476190477,161.0617302539028,21.928571428571427,46.0192922731765,11.45238095238095,23.015585791257852,11.45238095238095,23.015585791257852,3.357142857142857,3.943635988318695,0.0,0.0,0.0,0.0,1.0,0.0
13000.0,1.522335681,-3.9382932940497987E-13,13000.0,93.4,17.31909270713491,-135.06849315068445,-138.99721448467963,13000.0,-1.0,42.0,330.0,171292.5,528372.9616073937,-86.42857142857144,171.2667499883382,24.547619047619044,48.93510006716082,12.761904761904763,24.473788391554972,12.761904761904763,24.473788391554972,3.6904761904761907,4.111186970243184,0.0,0.0,0.0,0.0,1.0,0.0
14000.0,1.666253746,-4.310610357465015E-13,14000.0,93.45,17.332461883458635,-128.67830423940111,-132.15189873417694,14000.0,-1.0,42.0,360.0,205052.23809523808,566125.8677969237,-99.83333333333336,183.15526089494654,28.380952380952383,52.3300745414133,14.690476190476192,26.16503727070665,14.690476190476192,26.16503727070665,4.261904761904761,4.305750685573682,0.0,0.0,0.0,0.0,1.0,0.0
15000.0,1.755569167,-4.5416699903499744E-13,15000.0,93.44,16.734813242278765,-122.12189616252844,-127.77777777777737,15000.0,-1.0,42.0,386.0,232770.14285714284,665286.1643678943,-105.92857142857146,193.46826712222153,30.11904761904762,55.278541852284334,15.547619047619047,27.646022411341722,15.547619047619047,27.646022411341722,4.428571428571429,4.401456838326553,0.0,0.0,0.0,0.0,1.0,0.0
16000.0,1.850234673,-4.786570331392188E-13,16000.0,93.2625,16.51615648090054,-126.47058823529358,-131.82795698924724,16000.0,-1.0,42.0,410.0,256704.619047619,696176.2365400173,-114.59523809523807,205.9377196314825,32.59523809523809,58.84127451481055,16.785714285714285,29.427493130003043,16.785714285714285,29.427493130003043,4.5476190476190474,4.478688728789313,0.0,0.0,0.0,0.0,1.0,0.0
17000.0,1.948799502,-5.041558248922228E-13,17000.0,93.36470588235294,16.00587801167822,-129.73523421588604,-135.49060542797545,17000.0,-1.0,42.0,435.0,283892.92857142864,736929.4140288453,-121.92857142857142,215.4156948850001,34.69047619047619,61.54930131569846,17.833333333333332,30.781620004172957,17.833333333333332,30.781620004172957,4.785714285714285,4.409168464747367,0.0,0.0,0.0,0.0,1.0,0.0
18000.0,2.05044756,-5.304522501925627E-13,18000.0,93.39444444444445,16.183769728359735,-129.09441233140612,-134.51676528599592,18000.0,-1.0,42.0,459.0,315773.9523809524,826074.7394158553,-131.5952380952381,231.01663539760452,37.45238095238095,66.00672633165553,19.214285714285715,33.010372142548576,19.214285714285715,33.010372142548576,4.976190476190476,4.61961932355267,0.0,0.0,0.0,0.0,1.0,0.0
19000.0,2.142039438,-5.541471345350145E-13,19000.0,93.55263157894737,15.788795767116007,-129.83114446529126,-135.12476007677594,19000.0,-1.0,42.0,487.0,356618.4523809524,1004311.4765078733,-136.7619047619048,246.83803414126118,38.92857142857143,70.5270724208149,19.952380952380953,35.27035124746603,19.952380952380953,35.27035124746603,4.833333333333332,4.679569850289644,0.0,0.0,0.0,0.0,1.0,0.0
20000.0,2.253271158,-5.829228600487112E-13,20000.0,93.74,15.729485320860537,-125.58558558558512,-130.57090239410672,20000.0,-1.0,42.0,512.0,396254.90476190473,1167509.1117814344,-146.5,265.69350121025894,41.714285714285715,75.91242891721683,21.357142857142858,37.956214458608414,21.357142857142858,37.956214458608414,4.8809523809523805,4.727719921506953,0.0,0.0,0.0,0.0,1.0,0.0
21000.0,2.357060148,-6.097731459885834E-13,21000.0,93.83333333333333,15.800459442479188,-122.89156626506058,-127.59226713532534,21000.0,-1.0,42.0,538.0,431363.1666666666,1334048.8241402546,-155.42857142857144,289.99790940012997,44.26190476190475,82.85840391126548,22.61904761904762,41.43578774909343,22.61904761904762,41.43578774909343,4.976190476190476,4.831240285324383,0.0,0.0,0.0,0.0,1.0,0.0
22000.0,2.590935768,-6.702769361436365E-13,22000.0,93.56363636363636,16.265312518647523,-111.02831594634905,-113.57466063348434,22000.0,-1.0,42.0,565.0,483042.9285714285,1370738.8117603105,-178.5952380952381,316.03496715486415,50.880952380952365,90.29766557794805,25.92857142857143,45.15576988610612,25.92857142857143,45.15576988610612,5.642857142857143,5.183564215777989,0.0,0.0,0.0,0.0,1.0,0.0
23000.0,2.751466266,-7.118062907829879E-13,23000.0,93.39565217391305,15.597443605360667,-103.34672021419024,-104.16666666666659,23000.0,-1.0,42.0,591.0,527438.4047619047,1415152.8776212863,-193.66666666666669,333.1021718790935,55.19047619047619,95.17204910831242,28.09523809523809,47.58602455415621,28.09523809523809,47.58602455415621,5.7857142857142865,5.182219668912551,0.0,0.0,0.0,0.0,1.0,0.0
24000.0,2.846223321,-7.363200086789825E-13,24000.0,93.46666666666667,15.424583223012537,-100.76824583866828,-101.8018018018016,24000.0,-1.0,42.0,609.0,556361.1428571428,1472216.4872897048,-199.83333333333334,345.8245654682455,56.952380952380956,98.80701870521301,28.976190476190478,49.403509352606505,28.976190476190478,49.403509352606505,5.7857142857142865,5.182219668912551,0.0,0.0,0.0,0.0,1.0,0.0
25000.0,2.978423526,-7.705202962582308E-13,25000.0,93.392,15.10819460597467,-103.19803198031994,-104.70879801734844,25000.0,-1.0,42.0,634.0,595408.5714285714,1508371.6756585664,-213.42857142857144,362.88956479476485,60.83333333333334,103.68477477588115,30.904761904761905,51.84959934638793,30.904761904761905,51.84959934638793,5.928571428571429,5.2330695983908715,0.0,0.0,0.0,0.0,1.0,0.0
26000.0,3.206187483,-8.294429948243001E-13,26000.0,93.35,14.905994255047277,-98.9643268124283,-100.34762456546899,26000.0,-1.0,42.0,660.0,651885.0952380951,1607946.9303669594,-234.92857142857144,397.850345246229,66.97619047619048,113.67357804744766,33.976190476190474,56.844026262386905,33.976190476190474,56.844026262386905,6.23809523809524,5.586610839644669,0.0,0.0,0.0,0.0,1.0,0.0
27000.0,3.354170489,-8.677263043096494E-13,27000.0,93.37407407407407,15.063806594258006,-95.51912568306024,-96.80968096809701,27000.0,-1.0,42.0,687.0,700011.7380952381,1763481.8040792034,-249.7619047619047,427.5086540002014,71.21428571428571,122.14735916881861,36.095238095238095,61.08083788930045,36.095238095238095,61.08083788930045,6.452380952380953,5.649098270163991,0.0,0.0,0.0,0.0,1.0,0.0
28000.0,3.49373715,-9.038322993243732E-13,28000.0,93.425,14.677215521020198,-94.81481481481505,-95.64293304994692,28000.0,-1.0,42.0,713.0,744162.4047619049,1941931.6299165993,-258.0952380952382,451.8916236100934,73.59523809523809,129.11387666514744,37.285714285714285,64.56393530571289,37.285714285714285,64.56393530571289,6.452380952380953,5.649098270163991,0.0,0.0,0.0,0.0,1.0,0.0
29000.0,3.624903533,-9.37765136412862E-13,29000.0,93.42068965517242,14.408409619707797,-91.7587939698491,-92.53279515640767,29000.0,-1.0,42.0,741.0,793938.1190476192,2093258.6801849569,-273.76190476190476,486.5213408461364,78.07142857142856,139.0080525579658,39.523809523809526,69.51091793353642,39.523809523809526,69.51091793353642,6.500000000000001,5.60161126645609,0.0,0.0,0.0,0.0,1.0,0.0
30000.0,3.801982943,-9.83575706421915E-13,30000.0,93.36666666666666,14.682257433726381,-88.62559241706161,-88.98385565052227,30000.0,-1.0,42.0,766.0,845847.3571428572,2231276.960113646,-294.095238095238,537.2267000939588,83.8809523809524,153.4952453988281,42.42857142857142,76.75432548616553,42.42857142857142,76.75432548616553,6.690476190476192,5.774156448741343,0.0,0.0,0.0,0.0,1.0,0.0
31000.0,3.944142129,-1.0203523895082374E-12,31000.0,93.41290322580646,14.545419348557646,-85.80527752502246,-85.97449908925286,31000.0,-1.0,42.0,790.0,888632.142857143,2324560.917238723,-304.26190476190476,562.0881824543369,86.78571428571429,160.59850494615685,43.88095238095239,80.30587937682695,43.88095238095239,80.30587937682695,6.761904761904763,5.871840712805664,0.0,0.0,0.0,0.0,1.0,0.0
32000.0,4.103994967,-1.061706433020946E-12,32000.0,93.359375,14.05947549385727,-83.98268398268381,-83.50604490500844,32000.0,-1.0,42.0,816.0,943054.9285714286,2491473.3062177547,-319.92857142857144,603.0968612435418,91.26190476190474,172.315232898796,46.11904761904762,86.16410955079036,46.11904761904762,86.16410955079036,6.857142857142858,5.945161708077556,0.0,0.0,0.0,0.0,1.0,0.0
33000.0,4.243620066,-1.097827545988063E-12,33000.0,93.33030303030303,13.846112239538549,-80.55783429040197,-79.52691680261009,33000.0,-1.0,42.0,836.0,989380.6190476189,2702430.2357593323,-332.00000000000006,642.243096593456,94.7142857142857,183.49802759813028,47.85714285714285,91.74901379906514,47.85714285714285,91.74901379906514,6.928571428571429,5.932107169495784,0.0,0.0,0.0,0.0,1.0,0.0
34000.0,4.411373447,-1.1412254656251105E-12,34000.0,93.30882352941177,13.849935453163903,-77.59562841530042,-76.76767676767699,34000.0,-1.0,42.0,854.0,1031853.857142857,2858374.9233354097,-349.09523809523813,695.8022851189635,99.5952380952381,198.8023972378173,50.285714285714285,99.40733783444264,50.285714285714285,99.40733783444264,7.000000000000001,5.951019588805053,0.0,0.0,0.0,0.0,1.0,0.0
35000.0,4.539106383,-1.174270067519198E-12,35000.0,93.28285714285714,13.659086367807008,-75.57879014189677,-74.53600593912415,35000.0,-1.0,42.0,876.0,1079132.9047619049,3090950.6485541956,-360.5952380952381,739.4990413596851,102.8809523809524,211.28713584759626,51.92857142857143,105.64953403499632,51.92857142857143,105.64953403499632,7.047619047619048,6.007931265855003,0.0,0.0,0.0,0.0,1.0,0.0
36000.0,4.697547337,-1.215258855631368E-12,36000.0,93.23055555555555,13.478804432344422,-72.95954577714701,-71.98306280875093,36000.0,-1.0,42.0,900.0,1138283.4285714286,3322013.5909005483,-378.3333333333333,796.7758403951505,107.95238095238096,227.65024011290015,54.47619047619048,113.82512005645007,54.47619047619048,113.82512005645007,7.071428571428571,6.0299773778763335,0.0,0.0,0.0,0.0,1.0,0.0
37000.0,4.869764285,-1.2598115032435292E-12,37000.0,93.12702702702703,13.252991343240272,-71.47673634524591,-69.75967957276372,37000.0,-1.0,42.0,925.0,1195771.214285714,3502737.965282062,-398.2619047619048,857.204163845088,113.64285714285715,244.91709114126976,57.30952380952381,122.46422834508842,57.30952380952381,122.46422834508842,7.190476190476191,6.009091060840071,0.0,0.0,0.0,0.0,1.0,0.0
38000.0,5.014954641,-1.2973723521766564E-12,38000.0,93.13947368421053,13.276086819823623,-68.956578094621,-67.22257857601022,38000.0,-1.0,42.0,947.0,1247442.3333333335,3662407.1899689324,-412.5952380952382,900.4746190143096,117.73809523809524,257.28005615252107,59.357142857142854,128.64563189736282,59.357142857142854,128.64563189736282,7.2142857142857135,6.038638654069731,0.0,0.0,0.0,0.0,1.0,0.0
39000.0,5.168863383,-1.33718865380312E-12,39000.0,93.05384615384615,13.253356065747404,-67.73993808049534,-65.99264705882345,39000.0,-1.0,42.0,966.0,1295888.6904761908,3851981.0930799986,-427.26190476190476,950.0298341791323,121.9285714285714,271.43865972449714,61.45238095238095,135.72482965337144,61.45238095238095,135.72482965337144,7.285714285714286,6.01334172866008,0.0,0.0,0.0,0.0,1.0,0.0
40000.0,5.30450399,-1.3722789758402441E-12,40000.0,92.97,13.071672575984362,-68.08129109384346,-66.48904677323884,40000.0,-1.0,42.0,987.0,1349971.0238095238,4113449.4466827954,-440.0952380952381,997.0891490715779,125.5952380952381,284.8841492841547,63.28571428571428,142.44747182721483,63.28571428571428,142.44747182721483,7.357142857142856,6.043829461894167,0.0,0.0,0.0,0.0,1.0,0.0
41000.0,5.397009876,-1.396210314705968E-12,41000.0,93.00975609756098,12.96996780275437,-68.09384164222847,-66.62790697674393,41000.0,-1.0,42.0,1006.0,1404657.333333333,4392174.567877442,-447.7619047619047,1028.0202334898745,127.78571428571429,293.72158176718784,64.3809523809524,146.86611662907478,64.3809523809524,146.86611662907478,7.380952380952381,6.020097969190595,0.0,0.0,0.0,0.0,1.0,0.0
42000.0,5.491754985,-1.4207209421632192E-12,42000.0,93.03095238095239,13.011318548271836,-67.73638968481373,-66.49601820250301,42000.0,-1.0,42.0,1022.0,1449985.5952380951,4630142.941713014,-456.09523809523824,1060.70362770683,130.16666666666669,303.0596750916668,65.57142857142857,151.53509500251616,65.57142857142857,151.53509500251616,7.428571428571428,6.069286361162892,0.0,0.0,0.0,0.0,1.0,0.0
43000.0,5.595455727,-1.447548398282379E-12,43000.0,93.07441860465117,13.099658182533403,-66.83473389355748,-65.72064552031172,43000.0,-1.0,42.0,1041.0,1505786.9761904762,4930007.197774889,-465.09523809523796,1098.921728931699,132.73809523809527,313.97910910183333,66.85714285714286,156.99472904443383,66.85714285714286,156.99472904443383,7.428571428571428,6.069286361162892,0.0,0.0,0.0,0.0,1.0,0.0
44000.0,5.732170415,-1.4829165858423544E-12,44000.0,92.98863636363637,13.38921896000484,-65.77109081139149,-64.62113127001045,44000.0,-1.0,42.0,1062.0,1563593.2857142857,5246860.064880069,-475.92857142857144,1146.218563265104,135.83333333333337,327.4924625210939,68.40476190476191,163.7513075015846,68.40476190476191,163.7513075015846,7.428571428571428,6.069286361162892,0.0,0.0,0.0,0.0,1.0,0.0
45000.0,5.932716491,-1.5347979991282855E-12,45000.0,93.02444444444444,13.406795692206517,-64.77690288713914,-63.91644908616186,45000.0,-1.0,42.0,1086.0,1644723.7142857139,5403671.014898529,-497.0952380952381,1182.2491341078335,141.88095238095238,337.7869296942106,71.42857142857142,168.89860471880218,71.42857142857142,168.89860471880218,7.57142857142857,6.164979208490081,0.0,0.0,0.0,0.0,1.0,0.0
46000.0,6.137473812,-1.5877688645074766E-12,46000.0,93.01086956521739,13.412219452136604,-64.61853558627769,-63.69653767820782,46000.0,-1.0,42.0,1116.0,1734604.9761904762,5433369.554961041,-519.0952380952381,1199.390044361448,148.16666666666666,342.6843756298396,74.57142857142857,171.34747791593932,74.57142857142857,171.34747791593932,7.8809523809523805,6.017058599747809,0.0,0.0,0.0,0.0,1.0,0.0
47000.0,6.337454906,-1.6395041165459488E-12,47000.0,93.03191489361701,13.490168599554057,-63.178873941205794,-62.28939544103076,47000.0,-1.0,42.0,1142.0,1834865.1666666665,5830023.458712808,-542.0952380952381,1263.1018306577334,154.73809523809527,360.8877306353219,77.85714285714285,180.44911064646743,77.85714285714285,180.44911064646743,7.9523809523809526,6.068520858686346,0.0,0.0,0.0,0.0,1.0,0.0
48000.0,6.561188303,-1.6973841063574785E-12,48000.0,92.95833333333333,13.57948729869618,-62.57816257816271,-61.490683229813705,48000.0,-1.0,42.0,1170.0,1929051.6428571425,6151142.212433036,-564.4285714285714,1323.4365123006817,161.11904761904762,378.1262018247187,81.04761904761905,189.06831290677007,81.04761904761905,189.06831290677007,8.047619047619047,6.116560411372539,0.0,0.0,0.0,0.0,1.0,0.0
49000.0,6.692051515,-1.7312385128914482E-12,49000.0,92.99591836734695,13.725603061589883,-61.886792452830264,-61.35401974612108,49000.0,-1.0,42.0,1194.0,1995906.0,6205631.09576891,-574.5952380952381,1334.87781590354,164.0238095238095,381.39515952875286,82.49999999999999,190.7028399650401,82.49999999999999,190.7028399650401,8.11904761904762,6.192845521746341,0.0,0.0,0.0,0.0,1.0,0.0
50000.0,6.815390796,-1.763146473094821E-12,50000.0,93.026,13.648588674712439,-61.65971256374616,-62.41266884024233,50000.0,-1.0,42.0,1211.0,2045378.833333333,6263227.624202513,-580.2619047619047,1341.265548352109,165.64285714285714,383.2202335299633,83.3095238095238,191.61540343592955,83.3095238095238,191.61540343592955,8.11904761904762,6.192845521746341,0.0,0.0,0.0,0.0,1.0,0.0
51000.0,6.948136121,-1.7974877836079233E-12,51000.0,93.04509803921569,13.794479676723553,-61.154020899591146,-63.38093044679841,51000.0,-1.0,42.0,1234.0,2118244.9523809524,6431294.067054036,-592.5952380952382,1367.03364205617,169.16666666666666,390.5825490754502,85.07142857142857,195.29657158045592,85.07142857142857,195.29657158045592,8.095238095238095,6.25401148847886,0.0,0.0,0.0,0.0,1.0,0.0
52000.0,7.256721669,-1.8773190855669478E-12,52000.0,92.84615384615384,15.323222060485852,-60.48317515099229,-60.55243849805769,52000.0,-1.0,42.0,1259.0,2225647.0952380947,6761996.284787434,-633.2619047619048,1451.8418589472496,180.78571428571428,414.8134776671985,90.88095238095238,207.41206804282763,90.88095238095238,207.41206804282763,8.404761904761903,6.320927393401993,0.0,0.0,0.0,0.0,1.0,0.0
53000.0,7.429602268,-1.922043420167433E-12,53000.0,92.72075471698113,15.193233747769156,-59.4214876033056,-58.83079456566488,53000.0,-1.0,42.0,1281.0,2302403.3333333335,7181651.902846409,-652.9285714285714,1523.8017026240193,186.4047619047619,435.37340628890104,93.69047619047619,217.69193808472738,93.69047619047619,217.69193808472738,8.523809523809526,6.394502575051956,0.0,0.0,0.0,0.0,1.0,0.0
54000.0,7.571854225,-1.9588441031778022E-12,54000.0,92.6962962962963,15.089467154112956,-58.32998795664386,-57.633892885691374,54000.0,-1.0,42.0,1307.0,2378500.5000000005,7614577.218846686,-668.595238095238,1589.758887371532,190.8809523809524,454.2182886836247,95.92857142857143,227.11428227336026,95.92857142857143,227.11428227336026,8.523809523809526,6.394502575051956,0.0,0.0,0.0,0.0,1.0,0.0
55000.0,7.710104978,-1.994609671851827E-12,55000.0,92.65454545454546,14.882321898709295,-57.25963409887108,-56.64986428848386,55000.0,-1.0,42.0,1329.0,2452650.7142857136,8040251.613437405,-681.4285714285714,1640.8373106860329,194.54761904761907,468.8121056031366,97.76190476190476,234.411126174361,97.76190476190476,234.411126174361,8.571428571428571,6.43975024944767,0.0,0.0,0.0,0.0,1.0,0.0
56000.0,7.880739936,-2.0387530575195945E-12,56000.0,92.55535714285715,14.889032598932467,-58.45686050931206,-57.439577039275015,56000.0,-1.0,42.0,1352.0,2534412.6666666665,8483331.603221357,-696.595238095238,1695.2260380187568,198.88095238095238,484.3517267834349,99.92857142857144,242.18088310057178,99.92857142857144,242.18088310057178,8.571428571428571,6.43975024944767,0.0,0.0,0.0,0.0,1.0,0.0
57000.0,8.046363445,-2.0815999777470195E-12,57000.0,92.54035087719298,14.807824055850183,-58.5975382320032,-57.598220904373676,57000.0,-1.0,42.0,1373.0,2604932.1666666665,8735397.495606232,-714.2619047619048,1735.0998573853676,203.92857142857144,495.74424921241166,102.45238095238096,247.8771531282649,102.45238095238096,247.8771531282649,8.714285714285715,6.485577674350592,0.0,0.0,0.0,0.0,1.0,0.0
58000.0,8.210624551,-2.1240944433439933E-12,58000.0,92.4948275862069,14.808923021797114,-57.88900979325348,-56.80835734870313,58000.0,-1.0,42.0,1397.0,2702141.3571428573,9297401.220860858,-732.4285714285713,1807.2569450704086,209.11904761904762,516.36053779718,105.04761904761905,258.1852192384707,105.04761904761905,258.1852192384707,8.785714285714288,6.524010865260331,0.0,0.0,0.0,0.0,1.0,0.0
59000.0,8.357258804,-2.1620288294636535E-12,59000.0,92.46271186440677,14.817086256250937,-58.481824661439695,-57.41592920353972,59000.0,-1.0,42.0,1421.0,2788555.0000000005,9814129.74599059,-743.7619047619047,1858.820053342571,212.3571428571429,531.0928365599523,106.66666666666667,265.5513056547818,106.66666666666667,265.5513056547818,8.809523809523807,6.5116709302833575,0.0,0.0,0.0,0.0,1.0,0.0
60000.0,8.485678715,-2.1952511522815453E-12,60000.0,92.45333333333333,14.656481737019414,-59.15641476274169,-58.045375218150255,60000.0,-1.0,42.0,1450.0,2882383.5238095243,1.0383549672255129E7,-754.0952380952381,1905.2304618233716,215.30952380952382,544.35293823998,108.14285714285715,272.18130358440476,108.14285714285715,272.18130358440476,8.83333333333333,6.499218214398866,0.0,0.0,0.0,0.0,1.0,0.0
61000.0,8.575501408,-2.2184883471992275E-12,61000.0,92.48688524590165,14.514841337566425,-59.076709475876335,-57.925568573397825,61000.0,-1.0,42.0,1473.0,2967968.4523809524,1.0907418374920812E7,-759.2619047619047,1933.2684072861991,216.78571428571436,552.36376913179,108.8809523809524,276.1866815090352,108.8809523809524,276.1866815090352,8.83333333333333,6.499218214398866,0.0,0.0,0.0,0.0,1.0,0.0
62000.0,8.719741408,-2.2558033383554878E-12,62000.0,92.44516129032259,14.386656072759388,-59.373936713167595,-58.189800742991984,62000.0,-1.0,42.0,1498.0,3057111.4523809524,1.1452126109168906E7,-770.5952380952381,1985.3376079492743,220.02380952380952,567.2406676438459,110.5,283.6250745735103,110.5,283.6250745735103,8.857142857142854,6.524144383006372,0.0,0.0,0.0,0.0,1.0,0.0
63000.0,8.86314752,-2.2929026020897756E-12,63000.0,92.36825396825397,14.568231796606113,-59.047304002646314,-57.32984293193725,63000.0,-1.0,42.0,1520.0,3144869.5,1.1989491167131517E7,-783.8333333333334,2049.2415600764875,223.80952380952382,585.4975885932821,112.40476190476191,292.74879429664105,112.40476190476191,292.74879429664105,8.88095238095238,6.496537092389996,0.0,0.0,0.0,0.0,1.0,0.0
64000.0,9.004652676,-2.3295100871473548E-12,64000.0,92.30000000000001,14.612384077347485,-58.20224719101105,-56.246036778693465,64000.0,-1.0,42.0,1543.0,3223047.809523809,1.2470120020304108E7,-796.095238095238,2109.5690556283234,227.3095238095238,602.7353295336688,114.14285714285712,301.3722737525129,114.14285714285712,301.3722737525129,8.952380952380956,6.521829688475619,0.0,0.0,0.0,0.0,1.0,0.0
65000.0,9.175890751,-2.373809499614354E-12,65000.0,92.22923076923078,14.562657887103672,-57.79443923773816,-55.1766513056833,65000.0,-1.0,42.0,1568.0,3329551.166666667,1.3087122762950098E7,-814.9285714285716,2179.2994443041207,232.69047619047618,622.658285805862,116.83333333333334,311.3337098063566,116.83333333333334,311.3337098063566,9.000000000000002,6.540679460490176,0.0,0.0,0.0,0.0,1.0,0.0
66000.0,9.347075274,-2.4180950581406547E-12,66000.0,92.16666666666666,14.66259952247371,-56.524371783227565,-53.64041604754824,66000.0,-1.0,42.0,1590.0,3426778.6428571423,1.36790014512356E7,-832.5952380952381,2254.315872206929,237.73809523809524,644.0915349099263,119.35714285714285,322.05027795842847,119.35714285714285,322.05027795842847,9.000000000000002,6.540679460490176,0.0,0.0,0.0,0.0,1.0,0.0
67000.0,9.48954189,-2.454951273587842E-12,67000.0,92.13880597014925,14.586512739132504,-55.690215784806426,-52.932636469222025,67000.0,-1.0,42.0,1610.0,3502135.476190476,1.4143868411461614E7,-843.0,2301.728279613111,240.71428571428572,657.6366513180318,120.85714285714286,328.8183256590159,120.85714285714286,328.8183256590159,9.02380952380952,6.538770285067574,0.0,0.0,0.0,0.0,1.0,0.0
68000.0,9.636683147,-2.493016822004897E-12,68000.0,92.03970588235293,14.674847605052891,-56.12921834438994,-53.1258840169731,68000.0,-1.0,42.0,1636.0,3599006.428571429,1.4746593494320586E7,-856.7619047619046,2367.8360277103466,244.6428571428571,676.5258389754184,122.80952380952381,338.267338213737,122.80952380952381,338.267338213737,9.047619047619044,6.540501886285668,0.0,0.0,0.0,0.0,1.0,0.0
69000.0,9.80798197,-2.5373319500229417E-12,69000.0,91.88840579710144,14.821438667936732,-56.647075286873715,-53.13269493844045,69000.0,-1.0,42.0,1658.0,3695881.880952381,1.534653912972329E7,-870.9285714285714,2434.6802704182255,248.69047619047618,695.6241797258631,124.83333333333331,347.81645823319826,124.83333333333331,347.81645823319826,9.071428571428573,6.542144263767366,0.0,0.0,0.0,0.0,1.0,0.0
70000.0,9.964190326,-2.5777431634358225E-12,70000.0,91.76285714285714,15.272020017316024,-56.72737156836091,-52.53968253968234,70000.0,-1.0,42.0,1677.0,3781613.5952380947,1.5881987320550341E7,-885.4285714285713,2503.5377032029864,252.83333333333331,715.2977178792422,126.9047619047619,357.65317779453227,126.9047619047619,357.65317779453227,9.071428571428573,6.542144263767366,0.0,0.0,0.0,0.0,1.0,0.0
71000.0,10.119264936,-2.6178610759476813E-12,71000.0,91.69577464788733,15.353974812877858,-56.85022612396906,-52.66701191092695,71000.0,-1.0,42.0,1695.0,3862535.047619048,1.6389935318589443E7,-898.2619047619048,2565.838892529263,256.5,733.0980452179906,128.73809523809524,366.55329759363946,128.73809523809524,366.55329759363946,9.095238095238093,6.532506051109457,0.0,0.0,0.0,0.0,1.0,0.0
72000.0,10.337793043,-2.674394453513539E-12,72000.0,91.62083333333332,15.189426564265633,-56.660607634380725,-52.19475277497494,72000.0,-1.0,42.0,1717.0,3960303.3571428573,1.6582496598722683E7,-918.5952380952382,2614.2726364206446,262.30952380952385,746.9362622788404,131.64285714285714,373.4724217740635,131.64285714285714,373.4724217740635,9.45238095238095,6.398179546548553,0.0,0.0,0.0,0.0,1.0,0.0
73000.0,10.519585532,-2.721424300430549E-12,73000.0,91.53698630136986,15.139115775342212,-57.40127388535049,-53.03443150854598,73000.0,-1.0,42.0,1740.0,4082022.8095238097,1.6592465183272662E7,-937.0952380952382,2623.796502831242,267.5952380952381,749.6573870946326,134.28571428571428,374.83305459274936,134.28571428571428,374.83305459274936,9.57142857142857,6.473747575053048,0.0,0.0,0.0,0.0,1.0,0.0
74000.0,10.673045665,-2.761124546587881E-12,74000.0,91.44864864864864,15.024896562801827,-58.00249687890151,-53.443258971871884,74000.0,-1.0,42.0,1761.0,4174339.9285714286,1.6620819293858984E7,-951.0952380952381,2630.735358658078,271.5952380952381,751.6399325936948,136.2857142857143,375.82438073759187,136.2857142857143,375.82438073759187,9.619047619047617,6.529304975347051,0.0,0.0,0.0,0.0,1.0,0.0
75000.0,10.810536682,-2.7966935710153643E-12,75000.0,91.424,14.87290759803881,-58.306669948314074,-53.838794546758905,75000.0,-1.0,42.0,1779.0,4264426.428571429,1.6667997077436859E7,-962.9285714285713,2638.7157204424475,274.9761904761905,753.920047779385,137.97619047619048,376.96447966814463,137.97619047619048,376.96447966814463,9.785714285714285,6.538947906296116,0.0,0.0,0.0,0.0,1.0,0.0
76000.0,10.949279337,-2.832586395088583E-12,76000.0,91.38421052631578,14.989479425355604,-58.049722423364614,-53.70892018779346,76000.0,-1.0,42.0,1799.0,4350438.714285715,1.6731086168563543E7,-974.2619047619047,2645.717442092296,278.21428571428567,755.9205512426163,139.5952380952381,377.9647718468733,139.5952380952381,377.9647718468733,9.785714285714285,6.538947906296116,0.0,0.0,0.0,0.0,1.0,0.0
77000.0,11.082939909,-2.8671644806551433E-12,77000.0,91.31948051948052,14.84664273605422,-58.42616733823163,-54.08022130013822,77000.0,-1.0,42.0,1825.0,4450614.642857144,1.6827246309014063E7,-985.761904761905,2652.1388865659555,281.49999999999994,757.7552616678856,141.2380952380952,378.88216905200443,141.2380952380952,378.88216905200443,9.785714285714285,6.538947906296116,0.0,0.0,0.0,0.0,1.0,0.0
78000.0,11.210848623,-2.900254556443542E-12,78000.0,91.31666666666666,14.863354373588322,-58.21069843494497,-53.931818181818095,78000.0,-1.0,42.0,1851.0,4566037.761904762,1.696755314150962E7,-997.9285714285716,2663.3509462829347,284.9761904761905,760.9587177705419,142.97619047619045,380.48393370748755,142.97619047619045,380.48393370748755,9.785714285714285,6.538947906296116,0.0,0.0,0.0,0.0,1.0,0.0
79000.0,11.334773752,-2.9323140759434964E-12,79000.0,91.3367088607595,14.8322811009176,-58.242774566474054,-53.970753655793125,79000.0,-1.0,42.0,1876.0,4693158.166666667,1.7158251110348277E7,-1008.2619047619049,2673.639212206827,287.92857142857144,763.898230766796,144.45238095238096,381.9537197339267,144.45238095238096,381.9537197339267,9.785714285714285,6.538947906296116,0.0,0.0,0.0,0.0,1.0,0.0
80000.0,11.454411068,-2.963264335153831E-12,80000.0,91.32875,15.045998062373418,-58.1262821974014,-53.84785983588378,80000.0,-1.0,42.0,1899.0,4790398.499999999,1.7328470784002565E7,-1017.2619047619048,2682.9341606198004,290.49999999999994,766.5539374527993,145.73809523809524,383.28159803388075,145.73809523809524,383.28159803388075,9.785714285714285,6.538947906296116,0.0,0.0,0.0,0.0,1.0,0.0
81000.0,11.594634634,-2.999540271961854E-12,81000.0,91.31851851851852,15.317264148183968,-57.35063772656082,-53.0692207226818,81000.0,-1.0,42.0,1919.0,4905589.3809523815,1.7556297207689058E7,-1029.9285714285713,2695.0033475960668,294.1190476190476,770.0022870533331,147.54761904761907,385.00580941964455,147.54761904761907,385.00580941964455,9.809523809523808,6.5415672592075635,0.0,0.0,0.0,0.0,1.0,0.0
82000.0,11.737298672,-3.0364475606216322E-12,82000.0,91.25975609756097,15.23686575659996,-57.481872116018515,-53.76528641922339,82000.0,-1.0,42.0,1941.0,5016226.666666667,1.7801127553599376E7,-1042.095238095238,2707.5890617473406,297.5952380952381,773.5982148541655,149.2857142857143,386.8038064303266,149.2857142857143,386.8038064303266,9.809523809523808,6.5415672592075635,0.0,0.0,0.0,0.0,1.0,0.0
83000.0,11.912386951,-3.081743023616986E-12,83000.0,91.25662650602409,15.263466916122958,-55.629423118164226,-53.815175922000726,83000.0,-1.0,42.0,1960.0,5120276.809523811,1.7954203055517886E7,-1061.2619047619048,2718.9473847340964,303.0714285714285,776.8434689571151,152.02380952380952,388.4264998178462,152.02380952380952,388.4264998178462,9.880952380952378,6.504041448853846,0.0,0.0,0.0,0.0,1.0,0.0
84000.0,12.051171183,-3.1176466036898393E-12,84000.0,91.23928571428571,15.206514453391815,-54.17976115650537,-54.0506594096713,84000.0,-1.0,42.0,1978.0,5212641.547619047,1.8178782181117103E7,-1074.761904761905,2733.2621518450214,306.92857142857144,780.9334125093632,153.95238095238096,390.4715068697326,153.95238095238096,390.4715068697326,9.880952380952378,6.504041448853846,0.0,0.0,0.0,0.0,1.0,0.0
85000.0,12.247759365,-3.1685041069673993E-12,85000.0,91.18941176470588,15.524003063634872,-53.9362795477903,-53.557514865696184,85000.0,-1.0,42.0,2001.0,5327379.761904762,1.84894748176824E7,-1090.4285714285716,2752.7053313267993,311.40476190476187,786.4886168070171,156.1904761904762,393.2491445167839,156.1904761904762,393.2491445167839,9.904761904761903,6.521295411524233,0.0,0.0,0.0,0.0,1.0,0.0
86000.0,12.412707621,-3.211176338760803E-12,86000.0,91.0906976744186,16.306771507838356,-53.27065413082609,-51.93337299226633,86000.0,-1.0,42.0,2020.0,5424945.119047619,1.8770474490257267E7,-1106.2619047619046,2776.5894947607567,315.9285714285714,793.3126715069659,158.45238095238093,396.6611998081199,158.45238095238093,396.6611998081199,9.928571428571429,6.564475188068998,0.0,0.0,0.0,0.0,1.0,0.0
87000.0,12.563641565,-3.2502230580171775E-12,87000.0,91.06091954022989,16.3310952474172,-53.36225596529265,-51.775956284153054,87000.0,-1.0,42.0,2039.0,5524542.3809523815,1.907759631682333E7,-1118.0952380952378,2795.8029241540753,319.3095238095238,798.8022279759115,160.14285714285717,399.40599623163394,160.14285714285717,399.40599623163394,9.999999999999998,6.644271326745669,0.0,0.0,0.0,0.0,1.0,0.0
88000.0,12.708416927,-3.2876765477057132E-12,88000.0,91.03295454545454,16.256603713004377,-53.25305884637782,-51.63335895465019,88000.0,-1.0,42.0,2055.0,5613346.6190476185,1.936425241037566E7,-1131.6666666666667,2819.522470091273,323.19047619047615,805.5778485975065,162.09523809523807,402.7889242987533,162.09523809523807,402.7889242987533,9.999999999999998,6.644271326745669,0.0,0.0,0.0,0.0,1.0,0.0
89000.0,12.863560146,-3.3278122094149392E-12,89000.0,90.98651685393259,16.146428589977056,-53.38432122370924,-51.84554230550818,89000.0,-1.0,42.0,2079.0,5726848.166666667,1.9749795254963238E7,-1143.9285714285716,2842.831861854218,326.6904761904762,812.2390759452853,163.83333333333331,406.12445026825344,163.83333333333331,406.12445026825344,9.999999999999998,6.644271326745669,0.0,0.0,0.0,0.0,1.0,0.0
90000.0,13.019948801,-3.3682700663080647E-12,90000.0,90.91888888888889,16.25698541541576,-53.425943307677905,-51.68893838158874,90000.0,-1.0,42.0,2101.0,5847887.261904762,2.0181190377916165E7,-1161.7619047619048,2878.1078964971434,331.7857142857144,822.3179474024686,166.3809523809524,411.16390135161504,166.3809523809524,411.16390135161504,9.999999999999998,6.644271326745669,0.0,0.0,0.0,0.0,1.0,0.0
91000.0,13.159031591,-3.404250883549038E-12,91000.0,90.8879120879121,16.30340430555576,-53.470294280954825,-51.61821173889173,91000.0,-1.0,42.0,2120.0,5947685.809523811,2.055192395346526E7,-1172.5,2899.875541904615,334.85714285714283,828.5358691156044,167.92857142857142,414.2679345578022,167.92857142857142,414.2679345578022,9.999999999999998,6.644271326745669,0.0,0.0,0.0,0.0,1.0,0.0
92000.0,13.335029704,-3.4497817212508782E-12,92000.0,90.86630434782609,16.247227140302943,-53.64783324190887,-51.67870036101093,92000.0,-1.0,42.0,2146.0,6086404.190476192,2.1008157969018757E7,-1189.5952380952378,2932.290556091368,339.7380952380953,837.7987143881458,170.3571428571429,418.90430954752816,170.3571428571429,418.90430954752816,9.999999999999998,6.644271326745669,0.0,0.0,0.0,0.0,1.0,0.0
93000.0,13.517081815,-3.4968787325649625E-12,93000.0,90.87204301075269,16.188989260614534,-53.92565729827734,-51.86046511627915,93000.0,-1.0,42.0,2175.0,6245516.238095239,2.152942937039403E7,-1204.4285714285713,2955.5797924278186,343.97619047619054,844.4527882684749,172.4761904761905,422.231368668379,172.4761904761905,422.231368668379,9.999999999999998,6.644271326745669,0.0,0.0,0.0,0.0,1.0,0.0
94000.0,13.665260602,-3.535212690735029E-12,94000.0,90.8691489361702,16.10047225978695,-54.010407321012075,-51.93839617631437,94000.0,-1.0,42.0,2203.0,6400841.452380953,2.21635231312583E7,-1217.595238095238,2981.038917440335,347.7380952380952,851.7268272571048,174.35714285714283,425.8683995417164,174.35714285714283,425.8683995417164,10.047619047619047,6.651434398582966,0.0,0.0,0.0,0.0,1.0,0.0
95000.0,13.808746677,-3.572332640954604E-12,95000.0,90.85894736842106,16.045562532582654,-54.053574596416645,-52.004200945212716,95000.0,-1.0,42.0,2222.0,6504235.285714285,2.2602774851007488E7,-1232.095238095238,3017.44679512998,351.88095238095235,862.1290776082243,176.42857142857142,431.0695231606027,176.42857142857142,431.0695231606027,10.047619047619047,6.651434398582966,0.0,0.0,0.0,0.0,1.0,0.0
96000.0,13.985481839,-3.6180541537598605E-12,96000.0,90.82083333333333,16.10594290429615,-53.65300784655642,-51.40893470790376,96000.0,-1.0,42.0,2247.0,6639324.214285715,2.3197940083238825E7,-1249.9285714285713,3063.228596399216,356.9761904761905,875.2095912908933,178.97619047619048,437.60977650465105,178.97619047619048,437.60977650465105,10.047619047619047,6.651434398582966,0.0,0.0,0.0,0.0,1.0,0.0
97000.0,14.133289824,-3.65629218518734E-12,97000.0,90.77216494845361,16.09816912053415,-53.6652360515022,-51.046236922038446,97000.0,-1.0,42.0,2267.0,6759162.166666667,2.374001146753917E7,-1264.4285714285716,3103.127117829314,361.1190476190476,886.6091668544209,181.04761904761907,443.3095572292325,181.04761904761907,443.3095572292325,10.047619047619047,6.651434398582966,0.0,0.0,0.0,0.0,1.0,0.0
98000.0,14.281088889,-3.6945279090044406E-12,98000.0,90.71938775510205,16.167912570131538,-53.60580982942078,-50.75418531410563,98000.0,-1.0,42.0,2285.0,6853130.547619047,2.4172051541124094E7,-1278.4285714285716,3138.1042913762453,365.11904761904765,896.6026447402263,183.04761904761904,448.30629514037105,183.04761904761904,448.30629514037105,10.071428571428571,6.638369095709509,0.0,0.0,0.0,0.0,1.0,0.0
99000.0,14.465302842,-3.742184190390012E-12,99000.0,90.67878787878789,16.313908583379696,-53.41645885286772,-50.170870626525634,99000.0,-1.0,42.0,2309.0,6989135.5476190485,2.481516638130094E7,-1294.4285714285713,3185.8034338552284,369.6904761904762,910.2309674216903,185.33333333333334,455.1204432742819,185.33333333333334,455.1204432742819,10.095238095238097,6.621507910974564,0.0,0.0,0.0,0.0,1.0,0.0
100000.0,14.628476041,-3.784397213668046E-12,100000.0,90.632,16.30153598903863,-53.12193527296497,-49.74424552429678,100000.0,-1.0,42.0,2325.0,7098257.738095238,2.5340309911631912E7,-1308.4285714285716,3229.807251991583,373.69047619047615,922.8034827155577,187.33333333333334,461.4066862121753,187.33333333333334,461.4066862121753,10.166666666666666,6.735116080505679,0.0,0.0,0.0,0.0,1.0,0.0
101000.0,14.795311501,-3.827557666485924E-12,101000.0,90.59207920792079,16.27179116971576,-53.13456889605139,-49.68494013862642,101000.0,-1.0,42.0,2346.0,7222312.047619047,2.5948169462100115E7,-1322.9285714285713,3271.95027537547,377.8333333333333,934.8443438104932,189.4047619047619,467.4271071135863,189.4047619047619,467.4271071135863,10.19047619047619,6.725409028228712,0.0,0.0,0.0,0.0,1.0,0.0
102000.0,14.973616167,-3.873685211098444E-12,102000.0,90.54411764705883,16.224586491706823,-53.75418460066961,-50.21024762498062,102000.0,-1.0,42.0,2372.0,7364992.666666667,2.6660870070734326E7,-1335.5952380952378,3313.0253954952236,381.4523809523809,946.5800882813764,191.2142857142857,473.294964787689,191.2142857142857,473.294964787689,10.261904761904761,6.655492958999644,0.0,0.0,0.0,0.0,1.0,0.0
103000.0,15.138293524,-3.916287361126808E-12,103000.0,90.44368932038836,16.202582379043516,-54.15818324197323,-50.137278828553875,103000.0,-1.0,42.0,2394.0,7498154.285714286,2.7333205825993635E7,-1351.3333333333335,3358.078803725803,385.952380952381,959.4510867788007,193.4761904761905,479.72554338940034,193.4761904761905,479.72554338940034,10.309523809523808,6.631367056347028,0.0,0.0,0.0,0.0,1.0,0.0
104000.0,15.299984175,-3.958116848176967E-12,104000.0,90.3625,16.212726633111522,-54.43759630200296,-49.999999999999915,104000.0,-1.0,42.0,2413.0,7607587.80952381,2.7893814428748593E7,-1367.2619047619048,3410.4184498245377,390.49999999999994,974.4066674949104,195.73809523809524,487.20822710842754,195.73809523809524,487.20822710842754,10.357142857142856,6.584614100852293,0.0,0.0,0.0,0.0,1.0,0.0
105000.0,15.45113246,-3.997219017603332E-12,105000.0,90.31428571428572,16.278858411332152,-54.6297704120419,-50.044260843906855,105000.0,-1.0,42.0,2430.0,7712816.69047619,2.8440456288060226E7,-1379.3333333333335,3450.5015306485707,393.95238095238085,985.8575801853059,197.47619047619042,492.92879009265295,197.47619047619042,492.92879009265295,10.357142857142856,6.584614100852293,0.0,0.0,0.0,0.0,1.0,0.0
106000.0,15.607789613,-4.037746335121079E-12,106000.0,90.25283018867924,16.292638572893207,-54.462550455972384,-49.78254566541022,106000.0,-1.0,42.0,2443.0,7804846.214285714,2.8921468245763738E7,-1394.1666666666667,3496.937119172599,398.19047619047615,999.124891192171,199.59523809523807,499.5624455960855,199.59523809523807,499.5624455960855,10.380952380952378,6.588801959838359,0.0,0.0,0.0,0.0,1.0,0.0
107000.0,15.766653449,-4.078844523109083E-12,107000.0,90.20373831775701,16.21283996919358,-54.578970653296096,-49.76425203600505,107000.0,-1.0,42.0,2464.0,7944422.809523811,2.9661300091491785E7,-1408.5952380952383,3550.215541787217,402.30952380952385,1014.3486793611548,201.6428571428571,507.1791823374809,201.6428571428571,507.1791823374809,10.380952380952378,6.588801959838359,0.0,0.0,0.0,0.0,1.0,0.0
108000.0,16.024700008,-4.14560135246979E-12,108000.0,90.19351851851852,16.216199491778994,-54.41026388686403,-49.611527051843474,108000.0,-1.0,42.0,2484.0,8104161.857142856,3.008726792493559E7,-1432.9285714285713,3595.9437066109613,409.26190476190476,1027.4138753181621,205.11904761904762,513.7118012565901,205.11904761904762,513.7118012565901,10.357142857142854,6.680227207219055,0.0,0.0,0.0,0.0,1.0,0.0
109000.0,16.498391459,-4.268145669613862E-12,109000.0,90.18807339449542,16.17299610384257,-54.17327374945944,-49.329796146327745,109000.0,-1.0,42.0,2508.0,8345327.309523811,3.0110058204636194E7,-1479.595238095238,3621.495446800435,422.5952380952381,1034.7144076230045,211.7857142857143,517.3621902386197,211.7857142857143,517.3621902386197,10.333333333333332,7.080259974097915,0.0,0.0,0.0,0.0,1.0,0.0
110000.0,17.016069184,-4.402069267299441E-12,110000.0,90.18545454545455,16.220774710283223,-53.81108420002844,-49.013112491373384,110000.0,-1.0,42.0,2534.0,8545676.261904761,3.0628294627114944E7,-1493.7619047619048,3672.476441070885,426.6428571428571,1049.2803996753476,213.80952380952382,524.6451640868976,213.80952380952382,524.6451640868976,10.523809523809526,7.061534743838882,0.0,0.0,0.0,0.0,1.0,0.0
111000.0,17.312591863,-4.478779896421152E-12,111000.0,90.17477477477478,16.307443183215117,-53.41116894077922,-48.58310626702992,111000.0,-1.0,42.0,2562.0,8732543.785714285,3.1596264907236125E7,-1524.1666666666667,3733.0758841618213,435.33333333333337,1066.5931097605205,218.16666666666669,533.2965548802603,218.16666666666669,533.2965548802603,10.666666666666666,7.090586912536059,0.0,0.0,0.0,0.0,1.0,0.0
112000.0,17.524503611,-4.5336016171818816E-12,112000.0,90.20089285714286,16.26741452662886,-53.21792545023033,-48.37096120048673,112000.0,-1.0,42.0,2587.0,8887804.857142856,3.2428324829560727E7,-1542.2619047619048,3779.7439199586756,440.5,1079.9282552953998,220.73809523809527,539.9691074959214,220.73809523809527,539.9691074959214,10.690476190476193,7.0796448003709385,0.0,0.0,0.0,0.0,1.0,0.0
113000.0,17.716258124,-4.583208646832242E-12,113000.0,90.2,16.31659796945052,-52.85024154589376,-47.98877455565946,113000.0,-1.0,42.0,2610.0,9030337.976190476,3.3205575238433536E7,-1558.4285714285713,3827.3785344531875,445.11904761904754,1093.5381421828995,223.04761904761904,546.7740404734448,223.04761904761904,546.7740404734448,10.690476190476193,7.0796448003709385,0.0,0.0,0.0,0.0,1.0,0.0
114000.0,17.889389278,-4.627997800190417E-12,114000.0,90.19035087719298,16.37857854425972,-52.2947024376957,-47.51352064371455,114000.0,-1.0,42.0,2629.0,9146573.619047618,3.384240342202165E7,-1573.4285714285716,3877.1452355696388,449.4047619047618,1107.757194922967,225.1904761904762,553.883550237916,225.1904761904762,553.883550237916,10.690476190476193,7.0796448003709385,0.0,0.0,0.0,0.0,1.0,0.0
115000.0,18.091272639,-4.680225170062235E-12,115000.0,90.16,16.45793025668123,-51.222771615662325,-47.34374999999996,115000.0,-1.0,42.0,2653.0,9285049.857142856,3.460910459031777E7,-1593.2619047619048,3936.581803492279,455.07142857142856,1124.739067687824,228.0238095238095,562.3744732824986,228.0238095238095,562.3744732824986,10.76190476190476,7.084195820961817,0.0,0.0,0.0,0.0,1.0,0.0
116000.0,18.2225264,-4.714180611901814E-12,116000.0,90.18793103448276,16.37641148912174,-50.49583498611665,-47.43523316062162,116000.0,-1.0,42.0,2679.0,9430160.642857144,3.542897727412023E7,-1604.9285714285713,3979.910597064609,458.4047619047619,1137.1187178625444,229.69047619047626,568.5642803436516,229.69047619047626,568.5642803436516,10.76190476190476,7.084195820961817,0.0,0.0,0.0,0.0,1.0,0.0
117000.0,18.382234732,-4.7554972716089764E-12,117000.0,90.17948717948718,16.35089497156442,-49.43425673039412,-47.38327347357604,117000.0,-1.0,42.0,2700.0,9570208.547619047,3.6220735594575964E7,-1619.5952380952378,4027.6407974330955,462.5952380952381,1150.7559140127448,231.78571428571428,575.3828645054964,231.78571428571428,575.3828645054964,10.76190476190476,7.084195820961817,0.0,0.0,0.0,0.0,1.0,0.0
118000.0,18.532018604,-4.794246466416453E-12,118000.0,90.1864406779661,16.375905192087725,-48.3284232099397,-47.346990711286324,118000.0,-1.0,42.0,2723.0,9707608.071428573,3.7005541746145E7,-1631.9285714285716,4072.744226115714,466.11904761904765,1163.642602964165,233.5476190476191,581.8261915635242,233.5476190476191,581.8261915635242,10.76190476190476,7.084195820961817,0.0,0.0,0.0,0.0,1.0,0.0
119000.0,18.685804967,-4.834031108508095E-12,119000.0,90.17731092436975,16.325589073529027,-47.831035791071216,-47.64430971327535,119000.0,-1.0,42.0,2752.0,9885936.976190476,3.803182021533478E7,-1644.9285714285713,4122.473916217721,469.8333333333333,1177.8510800040328,235.40476190476193,588.9304095509455,235.40476190476193,588.9304095509455,10.80952380952381,7.0373155054899685,0.0,0.0,0.0,0.0,1.0,0.0
120000.0,18.828609832,-4.870974829213488E-12,120000.0,90.1825,16.38635446123644,-46.65753765716419,-47.55761523046094,120000.0,-1.0,42.0,2775.0,1.003593461904762E7,3.890120920371929E7,-1657.095238095238,4172.44778020209,473.3095238095238,1192.1293203727732,237.14285714285717,596.0695069728505,237.14285714285717,596.0695069728505,10.833333333333334,7.043130770964754,0.0,0.0,0.0,0.0,1.0,0.0
121000.0,18.989474105,-4.912590531684046E-12,121000.0,90.15206611570248,16.35340392710096,-45.58338423946235,-47.712904425436875,121000.0,-1.0,42.0,2797.0,1.0185429309523808E7,3.977160282459532E7,-1668.4285714285716,4218.307082363135,476.547619047619,1205.2319724572599,238.76190476190473,602.6208130881434,238.76190476190473,602.6208130881434,10.833333333333334,7.043130770964754,0.0,0.0,0.0,0.0,1.0,0.0
122000.0,19.140555178,-4.951675313317943E-12,122000.0,90.10081967213115,16.297746183510444,-44.929797191887644,-48.22042218949443,122000.0,-1.0,42.0,2816.0,1.0313669952380953E7,4.0520941188295215E7,-1682.2619047619046,4273.621238564372,480.5,1221.0360105354757,240.73809523809527,610.522809127207,240.73809523809527,610.522809127207,10.833333333333334,7.043130770964754,0.0,0.0,0.0,0.0,1.0,0.0
123000.0,19.28789956,-4.989793410317767E-12,123000.0,90.08861788617885,16.270385589991726,-44.08462356695436,-48.309002433090214,123000.0,-1.0,42.0,2834.0,1.0442198619047618E7,4.127515319572128E7,-1695.5000000000002,4327.2783157489675,484.2857142857142,1236.3652330711336,242.6428571428571,618.1826165355668,242.6428571428571,618.1826165355668,10.833333333333334,7.043130770964754,0.0,0.0,0.0,0.0,1.0,0.0
124000.0,19.441037795,-5.029410381232286E-12,124000.0,90.06209677419355,16.381359230896205,-43.20743753631625,-48.577284784181316,124000.0,-1.0,42.0,2858.0,1.057946157142857E7,4.208481837739663E7,-1709.0952380952383,4383.8641647636305,488.1666666666667,1252.5339763010895,244.57142857142858,626.2717458512462,244.57142857142858,626.2717458512462,10.833333333333334,7.043130770964754,0.0,0.0,0.0,0.0,1.0,0.0
124136.0,19.455600319,-5.033177716605781E-12,124136.0,90.06734549204099,16.373925637143465,-43.222209315832416,-48.62584378013504,124136.0,-1.0,42.0,2860.0,1.0589278238095237E7,4.214298837047879E7,-1709.928571428571,4387.176937687651,488.40476190476187,1253.4804824873706,244.69047619047618,626.7449976682756,244.69047619047618,626.7449976682756,10.833333333333334,7.043130770964754,0.0,0.0,0.0,0.0,1.0,0.0
